Iteracion 0_6 2.2162864208221436 0.8507526516914368 2.2062339782714844 0.8690585494041443 2.2101528644561768 0.8929595947265625 2.0483171939849854 0.8484407067298889 2.034207344055176 0.8634698390960693 2.030970573425293 0.8830913305282593
Iteracion 1_6 2.2165088653564453 0.8508378267288208 2.206425428390503 0.8691339492797852 2.210294723510742 0.8930168747901917 2.048536539077759 0.8485314846038818 2.034400701522827 0.8635519742965698 2.031144380569458 0.8831667304039001
Iteracion 2_6 2.6772701740264893 1.5770326852798462 2.6571619510650635 1.5965839624404907 2.6625688076019287 1.6316243410110474 2.5327939987182617 1.5826653242111206 2.4909441471099854 1.5869065523147583 2.479848623275757 1.6104323863983154
Iteracion 3_4 2.8360681533813477 1.6705716848373413 2.8238985538482666 1.6967695951461792 2.669337749481201 1.6679872274398804 2.6507818698883057 1.6887342929840088
Iteracion 4_4 2.845762014389038 1.5451229810714722 2.83282732963562 1.57026207447052 2.675557851791382 1.544734001159668 2.658937931060791 1.5662338733673096
Iteracion 5_5 2.876140594482422 1.402787446975708 2.869124412536621 1.4304925203323364 2.733203887939453 1.3926372528076172 2.700870990753174 1.4059844017028809 2.6940441131591797 1.4324485063552856
Iteracion 6_5 2.894829273223877 1.1990774869918823 2.88287091255188 1.2237062454223633 2.744562864303589 1.1933701038360596 2.713970899581909 1.2083380222320557 2.7083420753479004 1.2342628240585327
Iteracion 7_5 2.911630392074585 0.97421795129776 2.898745536804199 0.998117983341217 2.744781970977783 0.9719782471656799 2.7256791591644287 0.9920661449432373 2.7272000312805176 1.0196582078933716
Iteracion 8_5 2.883082628250122 0.718833327293396 2.867108106613159 0.7414845824241638 2.7040469646453857 0.7245472073554993 2.6917831897735596 0.7464975118637085 2.7001097202301025 0.774243950843811
Iteracion 9_5 2.9321837425231934 0.5170230865478516 2.907731533050537 0.5389161109924316 2.7381012439727783 0.5322329998016357 2.7306997776031494 0.5555671453475952 2.748908758163452 0.5842987895011902
Iteracion 10_4 2.874555826187134 0.352951318025589 2.699793577194214 0.355434775352478 2.6935977935791016 0.3785603940486908 2.709282875061035 0.4049050211906433
Iteracion 11_3 2.8412909507751465 0.04959496483206749 2.816173553466797 0.07374413311481476 2.818044424057007 0.09840838611125946
Iteracion 12_3 2.839193820953369 -0.24839727580547333 2.8424301147460938 -0.22370411455631256 3.032076835632324 -0.21202322840690613
Iteracion 13_3 2.857272148132324 -0.47814327478408813 2.8567023277282715 -0.45245712995529175 2.8812451362609863 -0.43060487508773804
Iteracion 14_5 2.8458640575408936 -0.8700681328773499 2.8319215774536133 -0.8388533592224121 2.843984603881836 -0.815499484539032 3.0083634853363037 -0.8342929482460022 3.0298421382904053 -0.811843752861023
Iteracion 15_5 2.9126248359680176 -1.2064483165740967 2.909111499786377 -1.1753567457199097 2.9304051399230957 -1.1543171405792236 3.0825586318969727 -1.1832832098007202 3.1004638671875 -1.1592156887054443
Iteracion 16_5 2.9940097332000732 -1.5585829019546509 2.9844186305999756 -1.5206375122070312 3.0070080757141113 -1.4992386102676392 3.157609224319458 -1.5400688648223877 3.16727876663208 -1.5107145309448242
Iteracion 17_4 2.8876309394836426 -1.947731375694275 2.8958683013916016 -1.9167331457138062 3.062866449356079 -1.9512606859207153 3.0711305141448975 -1.9190552234649658
Iteracion 18_4 2.9883971214294434 -2.2930774688720703 2.9974536895751953 -2.2587428092956543 3.1643264293670654 -2.2990174293518066 3.171651840209961 -2.2623167037963867
Iteracion 19_4 2.8854916095733643 -2.5528674125671387 2.912777900695801 -2.532038927078247 3.057973861694336 -2.5659446716308594 3.0781965255737305 -2.5374693870544434
Iteracion 20_4 2.8855960369110107 -2.552959442138672 2.9129984378814697 -2.5322306156158447 3.0580568313598633 -2.566014051437378 3.0783824920654297 -2.5376224517822266
Iteracion 21_4 2.885728120803833 -2.5530765056610107 2.913100481033325 -2.5323193073272705 3.058197021484375 -2.566131591796875 3.078503370285034 -2.5377237796783447
Iteracion 22_2 2.88596248626709 -2.5532848834991455 2.912945508956909 -2.532184600830078
Iteracion 23_3 2.9885246753692627 -2.6908798217773438 2.88606333732605 -2.553373336791992 2.912961959838867 -2.5321993827819824
Iteracion 24_3 2.988642930984497 -2.690985918045044 2.8861660957336426 -2.553463935852051 2.9131784439086914 -2.5323867797851562
Iteracion 25_3 3.153292179107666 -2.645925760269165 3.0601084232330322 -2.52255916595459 3.0637378692626953 -2.480966329574585
Iteracion 26_4 3.0627639293670654 -2.436232089996338 3.0753817558288574 -2.4027514457702637 2.9654386043548584 -2.275460958480835 2.988403081893921 -2.251922845840454
Iteracion 27_4 3.014221668243408 -2.1105802059173584 3.0270819664001465 -2.080455780029297 2.9161179065704346 -1.9669461250305176 2.9268836975097656 -1.9372621774673462
Iteracion 28_4 3.301262617111206 -1.9059847593307495 3.3216159343719482 -1.8792800903320312 3.204036235809326 -1.7760264873504639 3.2112154960632324 -1.743547797203064
Iteracion 29_4 3.0496950149536133 -1.5538972616195679 3.061936616897583 -1.5266247987747192 2.9514405727386475 -1.4077650308609009 2.9635446071624756 -1.3819235563278198
Iteracion 30_5 3.211726427078247 -1.3303405046463013 3.2130606174468994 -1.2981603145599365 3.1256532669067383 -1.1998255252838135 3.1109368801116943 -1.1631312370300293 3.129985809326172 -1.1392216682434082
Iteracion 31_4 2.95510196685791 -0.9317400455474854 2.9667556285858154 -0.9070281982421875 2.8570973873138428 -0.7923431396484375 2.863778591156006 -0.7673470377922058
Iteracion 32_4 3.570985794067383 -0.4384620189666748 3.585343837738037 -0.40849819779396057 3.4748151302337646 -0.3040069043636322 3.477795124053955 -0.27370840311050415
Iteracion 33_5 3.5260581970214844 0.030771402642130852 3.5098772048950195 0.06126518175005913 3.531017541885376 0.09246299415826797 3.4228506088256836 0.17938432097434998 3.4118244647979736 0.2086760550737381
Iteracion 34_6 3.666879892349243 0.3854043781757355 3.6347413063049316 0.4141264259815216 3.648012399673462 0.4479198455810547 3.5595555305480957 0.5319790840148926 3.536324977874756 0.5600988268852234 3.552079916000366 0.5944142937660217
Iteracion 35_4 3.633847713470459 0.8056050539016724 3.635432243347168 0.839305579662323 3.537000894546509 0.9477365016937256 3.5351991653442383 0.9803974032402039
Iteracion 36_5 3.2862157821655273 1.19608473777771 3.2754952907562256 1.224657416343689 3.2146313190460205 1.3315438032150269 3.1809544563293457 1.350235104560852 3.1815054416656494 1.3833580017089844
Iteracion 37_4 3.716135025024414 1.893465280532837 3.677567720413208 1.9144207239151 3.6033802032470703 2.038694143295288 3.5773227214813232 2.065368175506592
Iteracion 38_4 3.320373296737671 1.7284770011901855 3.3137459754943848 1.7619500160217285 3.23128080368042 1.865580677986145 3.2138004302978516 1.8930729627609253
Iteracion 39_4 3.2932510375976562 1.7143582105636597 3.2873668670654297 1.7479240894317627 3.2313690185546875 1.8656316995620728 3.213855028152466 1.893105149269104
Iteracion 40_5 3.1932640075683594 1.6978882551193237 3.1569430828094482 1.714080572128296 3.1565425395965576 1.7497003078460693 3.231309175491333 1.8655972480773926 3.214115858078003 1.8932586908340454
Iteracion 41_5 3.1937363147735596 1.6981395483016968 3.1570494174957275 1.714138150215149 3.1564486026763916 1.7496485710144043 3.2315030097961426 1.8657089471817017 3.2141566276550293 1.8932826519012451
Iteracion 42_5 3.194218397140503 1.6983959674835205 3.157212972640991 1.7142269611358643 3.1564383506774902 1.7496427297592163 3.2317378520965576 1.865844488143921 3.2142598628997803 1.893343448638916
Iteracion 43_4 3.1227405071258545 1.7309637069702148 3.1010169982910156 1.7544711828231812 3.231733560562134 1.8658422231674194 3.214273691177368 1.8933517932891846
Iteracion 44_4 3.12298846244812 1.731101393699646 3.1011195182800293 1.7545292377471924 3.2319462299346924 1.8659650087356567 3.2143471240997314 1.8933948278427124
Iteracion 45_4 3.123361349105835 1.731307864189148 3.101208448410034 1.7545794248580933 3.232316255569458 1.8661785125732422 3.2143561840057373 1.8934003114700317
Iteracion 46_4 3.4964468479156494 1.5934228897094727 3.4880521297454834 1.6265054941177368 3.613175630569458 1.7233967781066895 3.60188627243042 1.7567572593688965
Iteracion 47_5 2.9417760372161865 1.37177312374115 2.926720380783081 1.3959743976593018 3.0721375942230225 1.4983816146850586 3.0441906452178955 1.5177772045135498 3.0464537143707275 1.5522462129592896
Iteracion 48_4 3.6868653297424316 1.1979352235794067 3.666036605834961 1.2266387939453125 3.7873363494873047 1.3411660194396973 3.783604145050049 1.3771191835403442
Iteracion 49_5 3.125077724456787 0.6074536442756653 3.1084582805633545 0.632422924041748 3.1192357540130615 0.6630142331123352 3.231862783432007 0.7461342215538025 3.2224934101104736 0.773652195930481
Iteracion 50_4 3.6764113903045654 0.4188741445541382 3.684255599975586 0.45236995816230774 3.801969051361084 0.534331738948822 3.789701223373413 0.5663745999336243
Iteracion 51_5 3.392568826675415 -0.08883751928806305 3.387314796447754 -0.059125784784555435 3.5244224071502686 0.0307571180164814 3.5003602504730225 0.061099037528038025 3.514298439025879 0.09202516824007034
Iteracion 52_4 3.403942346572876 -0.6308832168579102 3.4067888259887695 -0.600708544254303 3.516948938369751 -0.49427467584609985 3.524060010910034 -0.46395158767700195
Iteracion 53_4 3.1873958110809326 -0.7652258276939392 3.194638967514038 -0.7375404238700867 3.3046247959136963 -0.6423539519309998 3.304377555847168 -0.6124298572540283
Iteracion 54_4 3.6319446563720703 -1.0072271823883057 3.6426658630371094 -0.976049542427063 3.745823860168457 -0.8647914528846741 3.7699992656707764 -0.8357892036437988
Iteracion 55_4 3.6790273189544678 -1.302811622619629 3.6920785903930664 -1.2712844610214233 3.7936582565307617 -1.1598379611968994 3.821533441543579 -1.131989598274231
Iteracion 56_5 3.31198787689209 -1.65129554271698 3.3058221340179443 -1.6123567819595337 3.3388326168060303 -1.5925418138504028 3.4177513122558594 -1.4860804080963135 3.4420604705810547 -1.4610679149627686
Iteracion 57_3 3.8870651721954346 -2.066789150238037 3.901862621307373 -2.0311808586120605 4.005018711090088 -1.910296082496643
Iteracion 58_4 3.3034870624542236 -2.2704238891601562 3.3078126907348633 -2.2311477661132812 3.416349172592163 -2.1347718238830566 3.422999620437622 -2.0976169109344482
Iteracion 59_3 3.758601188659668 -2.6809840202331543 3.7728211879730225 -2.6417574882507324 3.877702474594116 -2.518209457397461
Iteracion 60_4 3.3107314109802246 -2.729156494140625 3.330803394317627 -2.6972312927246094 3.427586793899536 -2.582871675491333 3.4615912437438965 -2.561443328857422
Iteracion 61_4 3.9655370712280273 -2.430083990097046 3.9882864952087402 -2.3964040279388428 4.082352161407471 -2.3096837997436523 4.093072414398193 -2.268827438354492
Iteracion 62_4 3.860626220703125 -1.6786481142044067 3.8880527019500732 -1.650380253791809 3.977592706680298 -1.5668150186538696 3.9828338623046875 -1.5288665294647217
Iteracion 63_4 3.7026960849761963 -1.1674556732177734 3.697962522506714 -1.1305806636810303 3.8098337650299072 -1.0208415985107422 3.819283962249756 -0.9877338409423828
Iteracion 64_4 3.8969318866729736 -0.8283185958862305 3.917785167694092 -0.7970820069313049 4.0128912925720215 -0.7075808644294739 4.020201683044434 -0.6727508902549744
Iteracion 65_2 3.8371360301971436 -0.6765905022621155 3.860146999359131 -0.6459668874740601
Iteracion 66_3 3.83695650100708 -0.7111375331878662 3.853407859802246 -0.6794595122337341 4.020171165466309 -0.6727458238601685
Iteracion 67_4 3.641097068786621 -1.044067621231079 3.6389544010162354 -1.0091712474822998 3.810945987701416 -1.0211398601531982 3.8192861080169678 -0.987734317779541
Iteracion 68_4 4.073911666870117 -1.3236942291259766 4.059709548950195 -1.2800215482711792 4.2343549728393555 -1.294572353363037 4.241209506988525 -1.2563035488128662
Iteracion 69_2 3.6773574352264404 0.16055691242218018 3.671875238418579 0.1924351453781128
Iteracion 70_3 3.5848357677459717 1.3403148651123047 3.420999050140381 1.313198208808899 3.4076201915740967 1.342297077178955
Iteracion 71_4 3.5901131629943848 1.3422882556915283 3.557365655899048 1.3655446767807007 3.3937339782714844 1.3368271589279175 3.380934476852417 1.3659857511520386
Iteracion 72_4 3.5904297828674316 1.3424067497253418 3.557561159133911 1.3656198978424072 3.3939526081085205 1.3369132280349731 3.3811099529266357 1.36605703830719
Iteracion 73_4 3.590994358062744 1.3426178693771362 3.5577011108398438 1.3656734228134155 3.3941922187805176 1.3370076417922974 3.381181240081787 1.3660855293273926
Iteracion 74_4 3.5914387702941895 1.342783808708191 3.5578787326812744 1.3657417297363281 3.3944289684295654 1.3371012210845947 3.381317138671875 1.366140365600586
