Iteracion 0_5 1.7979099750518799 -1.6188457012176514 1.8046220541000366 -1.5965946912765503 1.822229027748108 -1.5840394496917725 1.9610611200332642 -1.674904704093933 1.9801732301712036 -1.6615625619888306
Iteracion 1_5 1.7981925010681152 -1.6190992593765259 1.8047504425048828 -1.596708059310913 1.8221811056137085 -1.5839978456497192 1.9611892700195312 -1.6750140190124512 1.980114221572876 -1.6615134477615356
Iteracion 2_5 1.7986520528793335 -1.6195135116577148 1.8049412965774536 -1.5968772172927856 1.8220971822738647 -1.5839245319366455 1.9613813161849976 -1.6751779317855835 1.9799778461456299 -1.6613986492156982
Iteracion 3_5 1.7974884510040283 -1.5352003574371338 1.7944766283035278 -1.5057445764541626 1.806575059890747 -1.48922598361969 1.8305747509002686 -1.4823702573776245 1.9668598175048828 -1.564510703086853
Iteracion 4_5 1.8414844274520874 -1.4912047386169434 1.847263216972351 -1.4693795442581177 1.8637679815292358 -1.4561350345611572 2.008786201477051 -1.541395902633667 2.0325100421905518 -1.531605839729309
Iteracion 5_5 1.851911187171936 -1.2257535457611084 1.8508485555648804 -1.2019550800323486 1.8614205121994019 -1.185855746269226 1.8845335245132446 -1.1775871515274048 2.0504283905029297 -1.2565041780471802
Iteracion 6_4 2.0305585861206055 -1.2443279027938843 2.0266335010528564 -1.217724323272705 2.0373661518096924 -1.2001001834869385 2.063882350921631 -1.1915831565856934
Iteracion 7_3 2.0759634971618652 -1.2228360176086426 2.0825319290161133 -1.2023504972457886 2.101820468902588 -1.1891529560089111
Iteracion 8_4 2.0448596477508545 -1.110268473625183 2.0454344749450684 -1.0875767469406128 2.0578577518463135 -1.0712530612945557 2.2443647384643555 -1.1435612440109253
Iteracion 9_4 2.0346360206604004 -0.8014642000198364 2.0227861404418945 -0.7764748334884644 2.027311086654663 -0.7579805850982666 2.043030261993408 -0.7436022758483887
Iteracion 10_5 2.1607015132904053 -0.8511226773262024 2.000239133834839 -0.767819881439209 1.9968080520629883 -0.7465759515762329 2.004399538040161 -0.7295418381690979 2.0257575511932373 -0.7173583507537842
Iteracion 11_4 2.0110862255096436 -0.7319754362106323 1.9936347007751465 -0.7059829831123352 1.9964962005615234 -0.6874487400054932 2.0094830989837646 -0.6723636388778687
Iteracion 12_6 2.043639898300171 -0.6053537726402283 2.037881374359131 -0.584352970123291 1.884016752243042 -0.5224840044975281 1.88139009475708 -0.504116952419281 1.8876360654830933 -0.48817577958106995 1.9058269262313843 -0.47517600655555725
Iteracion 13_7 2.0404727458953857 -0.415138840675354 2.026224136352539 -0.39385807514190674 2.027076244354248 -0.37569624185562134 1.8763724565505981 -0.33085501194000244 1.868690848350525 -0.3127115070819855 1.8708945512771606 -0.29632049798965454 1.8820209503173828 -0.2812698185443878
Iteracion 14_8 2.037048816680908 -0.3408849835395813 2.021939992904663 -0.32024380564689636 2.0219175815582275 -0.3021774888038635 1.8822401762008667 -0.2645314037799835 1.8659380674362183 -0.24565546214580536 1.8643145561218262 -0.22890911996364594 1.8706555366516113 -0.21313422918319702 1.8943588733673096 -0.19910496473312378
Iteracion 15_8 2.059884786605835 -0.05393996462225914 2.0533666610717773 -0.03584161773324013 2.056839942932129 -0.01794970966875553 2.0787503719329834 3.6216668775068683e-08 1.909548044204712 0.016664350405335426 1.8980613946914673 0.033130817115306854 1.896918535232544 0.04967258870601654 1.9046201705932617 0.066510871052742
Iteracion 16_8 2.065105676651001 -0.03604652360081673 2.0531198978424072 -0.017917245626449585 2.0528147220611572 3.0472069312281747e-08 2.0639595985412598 0.018011901527643204 1.900810956954956 0.04977451637387276 1.8950871229171753 0.06617797166109085 1.8978277444839478 0.08286097645759583 1.9144823551177979 0.10033395886421204
Iteracion 17_10 1.656920075416565 0.1595432013273239 1.6431195735931396 0.1726987361907959 1.638562560081482 0.18669061362743378 1.6402217149734497 0.20139402151107788 1.6511714458465576 0.21738098561763763 1.499490737915039 0.23749597370624542 1.4872703552246094 0.2488836944103241 1.482216477394104 0.2613547444343567 1.4822478294372559 0.27471834421157837 1.4887590408325195 0.28938549757003784
Iteracion 18_11 1.6100679636001587 0.15503185987472534 1.5947227478027344 0.1676120162010193 1.5892164707183838 0.18106834590435028 1.5895789861679077 0.1951758712530136 1.5975120067596436 0.21031656861305237 1.4579355716705322 0.23091429471969604 1.4409785270690918 0.24113710224628448 1.4338706731796265 0.25283005833625793 1.431830644607544 0.2653740644454956 1.434802770614624 0.2788974344730377 1.4487500190734863 0.29475149512290955
Iteracion 19_11 1.6096478700637817 0.15499141812324524 1.5943742990493774 0.167575404047966 1.5888890027999878 0.1810310333967209 1.5892680883407593 0.19513770937919617 1.5972340106964111 0.21027997136116028 1.4575518369674683 0.23085352778434753 1.4406468868255615 0.2410815805196762 1.4335497617721558 0.2527734935283661 1.4315165281295776 0.2653158903121948 1.434494137763977 0.2788374722003937 1.4484537839889526 0.294691264629364
Iteracion 20_11 1.6097842454910278 0.15500454604625702 1.594598650932312 0.16759899258613586 1.589140772819519 0.18105971813201904 1.5895469188690186 0.19517193734645844 1.5975773334503174 0.2103251963853836 1.4575822353363037 0.23085832595825195 1.4408425092697144 0.2411143183708191 1.4337824583053589 0.25281453132629395 1.4317806959152222 0.2653648257255554 1.4347962141036987 0.27889618277549744 1.448894739151001 0.294780969619751
Iteracion 21_11 1.6094815731048584 0.15497539937496185 1.5943893194198608 0.16757698357105255 1.5889592170715332 0.1810390204191208 1.5893889665603638 0.19515255093574524 1.597471833229065 0.21031129360198975 1.4573159217834473 0.23081614077091217 1.4406362771987915 0.24107983708381653 1.4336000680923462 0.25278234481811523 1.4316154718399048 0.26533421874046326 1.4346497058868408 0.2788676917552948 1.4488108158111572 0.2947638928890228
Iteracion 22_11 1.6094352006912231 0.1549709290266037 1.5942884683609009 0.16756640374660492 1.5888420343399048 0.1810256987810135 1.5892555713653564 0.1951361745595932 1.5972996950149536 0.2102886289358139 1.4572694301605225 0.2308087944984436 1.440545678138733 0.24106468260288239 1.4334890842437744 0.2527627944946289 1.431488037109375 0.2653105854988098 1.4345020055770874 0.27883899211883545 1.4485889673233032 0.29471877217292786
Iteracion 23_10 1.6682031154632568 0.3851349651813507 1.6547800302505493 0.39727747440338135 1.6493858098983765 0.41123807430267334 1.6506991386413574 0.4268997311592102 1.6661322116851807 0.4464387595653534 1.5122486352920532 0.4623408913612366 1.4994332790374756 0.472769558429718 1.493368148803711 0.48522478342056274 1.492699384689331 0.49945032596588135 1.50069260597229 0.5167298316955566
Iteracion 24_9 1.7173289060592651 0.36502960324287415 1.7049418687820435 0.3779767155647278 1.700835108757019 0.3926686942577362 1.703818917274475 0.40905067324638367 1.577093482017517 0.4373667240142822 1.5557435750961304 0.4461022913455963 1.5468924045562744 0.45821043848991394 1.5439209938049316 0.47202417254447937 1.5474709272384644 0.48791569471359253
Iteracion 25_9 1.7381798028945923 0.4172999858856201 1.7264395952224731 0.4304497539997101 1.7226752042770386 0.4455139935016632 1.726647973060608 0.4626539349555969 1.5994453430175781 0.4889996349811554 1.5778549909591675 0.49749574065208435 1.5688060522079468 0.5097360014915466 1.5657851696014404 0.5239044427871704 1.5700066089630127 0.540596604347229
Iteracion 26_8 1.7813864946365356 0.5446246862411499 1.7687989473342896 0.5577002167701721 1.7646634578704834 0.5733739733695984 1.7694419622421265 0.5920471549034119 1.6231273412704468 0.6230601668357849 1.6120489835739136 0.635002851486206 1.6078342199325562 0.6496070027351379 1.6111986637115479 0.6673803925514221
Iteracion 27_9 1.6229708194732666 0.7568038702011108 1.608241319656372 0.7670917510986328 1.6012693643569946 0.7809913754463196 1.6012237071990967 0.7983404994010925 1.4718961715698242 0.8327587246894836 1.4556363821029663 0.840411901473999 1.4466748237609863 0.8521564602851868 1.4433231353759766 0.8672360181808472 1.4514678716659546 0.8894606232643127
Iteracion 28_8 1.8445582389831543 1.0436007976531982 1.8202435970306396 1.0509179830551147 1.809355616569519 1.0657917261123657 1.807905673980713 1.0862993001937866 1.6964775323867798 1.1228740215301514 1.668308973312378 1.125288724899292 1.655269980430603 1.1376357078552246 1.6501816511154175 1.155469536781311
Iteracion 29_7 1.7967379093170166 1.1446484327316284 1.781840205192566 1.1571404933929443 1.775941252708435 1.175469994544983 1.6483831405639648 1.219739556312561 1.6302828788757324 1.228506326675415 1.6205803155899048 1.2435147762298584 1.6214182376861572 1.266790747642517
Iteracion 30_8 1.7989481687545776 1.1682506799697876 1.7821587324142456 1.1795852184295654 1.7745585441589355 1.1969548463821411 1.785340428352356 1.2270305156707764 1.6511775255203247 1.2442516088485718 1.6309415102005005 1.2514653205871582 1.6201553344726562 1.2658041715621948 1.6184061765670776 1.2873384952545166
Iteracion 31_8 1.799089789390564 1.1683423519134521 1.7822991609573364 1.1796778440475464 1.7746981382369995 1.1970491409301758 1.7854937314987183 1.2271357774734497 1.6512869596481323 1.2443338632583618 1.6310659646987915 1.2515606880187988 1.6202844381332397 1.2659049034118652 1.6185475587844849 1.2874507904052734
Iteracion 32_8 1.7991563081741333 1.1683857440948486 1.7824347019195557 1.1797676086425781 1.77488112449646 1.1971722841262817 1.7861021757125854 1.2275539636611938 1.6512635946273804 1.2443163394927979 1.6311728954315186 1.2516429424285889 1.6204339265823364 1.266021490097046 1.6187876462936401 1.2876416444778442
Iteracion 33_8 1.7995562553405762 1.1686456203460693 1.7826250791549683 1.1798937320709229 1.7749428749084473 1.1972142457962036 1.7849469184875488 1.226759910583496 1.6517901420593262 1.2447131872177124 1.6313849687576294 1.2518056631088257 1.6205328702926636 1.2660990953445435 1.6186720132827759 1.2875499725341797
Iteracion 34_8 1.7996593713760376 1.1687122583389282 1.7827742099761963 1.179992437362671 1.775119423866272 1.1973329782485962 1.7854207754135132 1.2270855903625488 1.6518205404281616 1.2447360754013062 1.631500244140625 1.2518941164016724 1.6206876039505005 1.2662197351455688 1.6188921928405762 1.2877250909805298
Iteracion 35_7 1.935689091682434 1.3056389093399048 1.9207457304000854 1.3200920820236206 1.9169490337371826 1.3422620296478271 1.797977328300476 1.379636526107788 1.7740492820739746 1.38603937625885 1.7620084285736084 1.4015648365020752 1.7618850469589233 1.4267466068267822
Iteracion 36_8 2.037914991378784 0.6818769574165344 2.0153048038482666 0.6939250230789185 2.007516384124756 0.7108988165855408 2.0104966163635254 0.7317609786987305 1.8798826932907104 0.7595216631889343 1.8594613075256348 0.7702139616012573 1.8511906862258911 0.7857838273048401 1.852099061012268 0.8053156137466431
Iteracion 37_7 2.037555456161499 0.6817566156387329 2.0154714584350586 0.6939824223518372 2.007749319076538 0.7109813094139099 1.8517504930496216 0.6739820837974548 1.8376890420913696 0.6870837211608887 1.8326115608215332 0.703473687171936 1.8383169174194336 0.7241321802139282
Iteracion 38_8 1.9600367546081543 0.5251902341842651 1.937929391860962 0.5374353528022766 1.9304920434951782 0.5535596013069153 1.9323865175247192 0.5723990201950073 2.038256883621216 0.6819912791252136 2.015617847442627 0.6940327286720276 2.007821798324585 0.7110068798065186 2.0107955932617188 0.7318697571754456
Iteracion 39_8 1.8970009088516235 0.4554295837879181 1.8868072032928467 0.47043389081954956 1.8856478929519653 0.4876616597175598 1.8975533246994019 0.5084478855133057 1.983766794204712 0.6064985990524292 1.9675971269607544 0.6203809976577759 1.9625847339630127 0.6376824975013733 1.9689663648605347 0.6588070392608643
Iteracion 40_8 1.7909233570098877 0.17244623601436615 1.7805290222167969 0.1871410310268402 1.7785612344741821 0.20264144241809845 1.7846678495407104 0.2191297858953476 1.86830472946167 0.32943248748779297 1.8578484058380127 0.344331830739975 1.856200098991394 0.360808789730072 1.8647814989089966 0.3793940544128418
Iteracion 41_8 1.9604297876358032 0.05133569613099098 1.9406183958053589 0.06776795536279678 1.936441421508789 0.08454687893390656 1.94101083278656 0.10172424465417862 2.028165340423584 0.21316863596439362 2.0157904624938965 0.22967030107975006 2.0143871307373047 0.2473357617855072 2.0245203971862793 0.2665333151817322
Iteracion 42_8 2.0482938289642334 -0.287868857383728 2.0352821350097656 -0.2679501175880432 2.035653591156006 -0.24994692206382751 2.046543598175049 -0.2331741750240326 2.124507427215576 -0.12994037568569183 2.1126270294189453 -0.11071823537349701 2.1133384704589844 -0.09227033704519272 2.126689910888672 -0.07426566630601883
Iteracion 43_6 2.055933713912964 -0.5701608061790466 2.0550811290740967 -0.5506572723388672 2.0646121501922607 -0.5339449644088745 2.1340489387512207 -0.41481706500053406 2.1322176456451416 -0.3951829969882965 2.1414248943328857 -0.3775908648967743
Iteracion 44_8 2.0665836334228516 -0.6318181157112122 2.057783365249634 -0.6095432639122009 2.062230110168457 -0.5913348197937012 2.078756809234619 -0.5764902830123901 2.144582509994507 -0.47544270753860474 2.135186195373535 -0.45384785532951355 2.139070987701416 -0.4351987838745117 2.156751871109009 -0.4192301630973816
Iteracion 45_7 2.15470290184021 -0.914617121219635 2.15412974357605 -0.8922696709632874 2.1659724712371826 -0.8751094341278076 2.242103338241577 -0.7720179557800293 2.2299797534942627 -0.7461409568786621 2.2356977462768555 -0.7264221906661987 2.2569828033447266 -0.7116239070892334
Iteracion 46_6 2.093005657196045 -1.1364091634750366 2.0971150398254395 -1.1150554418563843 2.113293409347534 -1.1001111268997192 2.173999071121216 -0.990748405456543 2.1710753440856934 -0.966624915599823 2.1817986965179443 -0.9486730098724365
Iteracion 47_6 2.054680109024048 -1.308975338935852 2.061768054962158 -1.2883352041244507 2.0817182064056396 -1.2756783962249756 2.1322906017303467 -1.1577396392822266 2.1362643241882324 -1.1358717679977417 2.1528782844543457 -1.1207175254821777
Iteracion 48_6 2.077939748764038 -1.6234643459320068 2.0916459560394287 -1.604975700378418 2.126056671142578 -1.6020984649658203 2.1538472175598145 -1.4802982807159424 2.1599175930023193 -1.4568828344345093 2.180086374282837 -1.4429676532745361
Iteracion 49_6 2.0189220905303955 -1.8826751708984375 2.0310282707214355 -1.8610944747924805 2.0585129261016846 -1.853493332862854 2.09586763381958 -1.7277002334594727 2.1064658164978027 -1.705782413482666 2.132200002670288 -1.696028470993042
Iteracion 50_6 2.0246524810791016 -1.9551842212677002 2.038339138031006 -1.9343112707138062 2.06866455078125 -1.929060697555542 2.1024861335754395 -1.7956929206848145 2.116941213607788 -1.7763246297836304 2.1543538570404053 -1.7759127616882324
Iteracion 51_3 2.0933406352996826 -2.057119607925415 2.1036746501922607 -2.0314950942993164 2.130096197128296 -2.021385431289673
Iteracion 52_5 2.1096150875091553 -2.1096150875091553 2.119302749633789 -2.0826330184936523 2.1455469131469727 -2.071930408477783 2.1892378330230713 -1.9368740320205688 2.206728935241699 -1.9182798862457275
Iteracion 53_6 2.1093521118164062 -2.0728540420532227 2.1248092651367188 -2.0519044399261475 2.1637122631073 -2.053286075592041 2.1871016025543213 -1.934983730316162 2.1915085315704346 -1.9050489664077759 2.2133657932281494 -1.890392780303955
Iteracion 54_6 2.167367458343506 -2.0930023193359375 2.1813466548919678 -2.0700206756591797 2.215867757797241 -2.0663297176361084 2.1876368522644043 -1.9354572296142578 2.1915621757507324 -1.9050956964492798 2.213151454925537 -1.8902099132537842
Iteracion 55_4 2.2965359687805176 -2.0678107738494873 2.1879968643188477 -1.935775876045227 2.191631555557251 -1.9051562547683716 2.2130773067474365 -1.8901464939117432
Iteracion 56_4 2.2968368530273438 -2.0680809020996094 2.188415288925171 -1.9361462593078613 2.1917030811309814 -1.905218243598938 2.2129790782928467 -1.890062928199768
Iteracion 57_5 2.226855993270874 -1.7713210582733154 2.232471227645874 -1.7441976070404053 2.1164498329162598 -1.6240086555480957 2.1270453929901123 -1.6028436422348022 2.1529669761657715 -1.5931116342544556
Iteracion 58_6 2.234848737716675 -1.4792141914367676 2.2334115505218506 -1.4503942728042603 2.2487611770629883 -1.4326189756393433 2.1212968826293945 -1.3255332708358765 2.129016160964966 -1.3046629428863525 2.1507608890533447 -1.292307734489441
Iteracion 59_5 2.252727746963501 -1.4076603651046753 2.262911081314087 -1.3867137432098389 2.1459972858428955 -1.2894452810287476 2.1448590755462646 -1.263418197631836 2.1583616733551025 -1.2461308240890503
Iteracion 60_6 2.2341694831848145 -1.138366460800171 2.2404654026031494 -1.1170547008514404 2.2614684104919434 -1.1029919385910034 2.1273157596588135 -1.0146777629852295 2.12564754486084 -0.9912059903144836 2.1369028091430664 -0.9738427996635437
Iteracion 61_7 2.3053205013275146 -0.8619238138198853 2.289201259613037 -0.833200991153717 2.2953240871429443 -0.8128167986869812 2.318135976791382 -0.7981981039047241 2.1818132400512695 -0.7089142203330994 2.1805014610290527 -0.6875093579292297 2.1913211345672607 -0.6699541211128235
Iteracion 62_8 2.212934732437134 -0.5929540395736694 2.1964168548583984 -0.5680318474769592 2.1993327140808105 -0.5483552813529968 2.215245008468628 -0.5318331718444824 2.09108829498291 -0.44447457790374756 2.0863285064697266 -0.4244682490825653 2.0926320552825928 -0.406766414642334 2.1163489818573 -0.3922419548034668
Iteracion 63_7 2.1287841796875 -0.2802598774433136 2.126697301864624 -0.2611256539821625 2.1355390548706055 -0.24331380426883698 2.0321154594421387 -0.15993094444274902 2.017833948135376 -0.14110058546066284 2.0172157287597656 -0.12337812036275864 2.0265913009643555 -0.10620926320552826
Iteracion 64_8 2.141817569732666 -0.03738555684685707 2.134476900100708 -0.018627239391207695 2.1382150650024414 3.1594375116128504e-08 2.1655113697052 0.018898120149970055 2.0439059734344482 0.08923888206481934 2.0276973247528076 0.10626731067895889 2.0247347354888916 0.12383805960416794 2.0321462154388428 0.14210145175457
Iteracion 65_8 2.2105958461761475 0.23234285414218903 2.193830966949463 0.2499554306268692 2.191377639770508 0.2690674960613251 2.2029190063476562 0.2900199592113495 2.0982115268707275 0.36997130513191223 2.0840132236480713 0.38624897599220276 2.081416130065918 0.40458640456199646 2.09255313873291 0.4257347285747528
Iteracion 66_8 2.1781835556030273 0.40370234847068787 2.1588804721832275 0.41964390873908997 2.1544349193573 0.4383247196674347 2.1628477573394775 0.45972761511802673 2.0812466144561768 0.5382469296455383 2.053157329559326 0.5501418709754944 2.045107841491699 0.5671586394309998 2.0475502014160156 0.5871255397796631
Iteracion 67_7 2.1770248413085938 0.7073582410812378 2.1623799800872803 0.7235223054885864 2.1598105430603027 0.743682324886322 2.0784175395965576 0.8397349715232849 2.057124137878418 0.8520886301994324 2.0496644973754883 0.8700309991836548 2.0556564331054688 0.8938248753547668
Iteracion 68_6 2.1241137981414795 1.1294115781784058 2.1092162132263184 1.1452109813690186 2.106727361679077 1.1677780151367188 2.0210886001586914 1.262916088104248 2.0027387142181396 1.2758852243423462 1.9960718154907227 1.2962640523910522
Iteracion 69_6 2.175750494003296 1.580775499343872 2.1560354232788086 1.5953822135925293 2.1510088443756104 1.6209017038345337 2.082244873046875 1.7164703607559204 2.0537002086639404 1.7232592105865479 2.0413081645965576 1.7434417009353638
Iteracion 70_6 2.0849342346191406 1.3282496929168701 2.0704028606414795 1.3445353507995605 2.0691134929656982 1.3695164918899536 1.9775153398513794 1.4632842540740967 1.9616591930389404 1.4782164096832275 1.9585456848144531 1.5028448104858398
Iteracion 71_7 2.1624341011047363 0.7026174664497375 2.141287326812744 0.7164648771286011 2.1348323822021484 0.735081672668457 2.142535924911499 0.7587116956710815 2.0393359661102295 0.8447206020355225 2.02726149559021 0.8605214953422546 2.025904417037964 0.8808884024620056
Iteracion 72_7 2.1626908779144287 0.7027009725570679 2.1414458751678467 0.7165178656578064 2.134951114654541 0.7351226210594177 2.142591714859009 0.7587315440177917 2.0395023822784424 0.8447895646095276 2.027392625808716 0.8605772852897644 2.0260026454925537 0.8809311985969543
Iteracion 73_5 2.0396933555603027 0.844868540763855 2.0275425910949707 0.8606407642364502 2.0261125564575195 0.8809789419174194 2.166656017303467 0.9646575450897217 2.161457061767578 0.9850327968597412
Iteracion 74_4 2.0398385524749756 0.8449286222457886 2.027681350708008 0.8606997728347778 2.0262272357940674 0.8810288310050964 2.1812586784362793 0.9711591601371765
