Iteracion 0_0
Iteracion 1_0
Iteracion 2_0
Iteracion 3_0
Iteracion 4_0
Iteracion 5_0
Iteracion 6_10 2.807100296020508 0.34466877579689026 2.533521890640259 0.33354467153549194 2.496831178665161 0.3509066700935364 2.4774017333984375 0.3702501654624939 2.465251922607422 0.390457421541214 2.4586079120635986 0.41142982244491577 2.456995725631714 0.4332345724105835 2.4604651927948 0.45602014660835266 2.470431089401245 0.48020318150520325 2.4934182167053223 0.5072916150093079
Iteracion 7_11 3.252405881881714 1.48220694065094 3.2061474323272705 1.4950511455535889 3.179581642150879 1.516582727432251 3.1628284454345703 1.542614459991455 2.977267026901245 1.4844104051589966 2.9201982021331787 1.4879157543182373 2.8909494876861572 1.50493323802948 2.871055841445923 1.5265673398971558 2.8593170642852783 1.5524828433990479 2.854605197906494 1.5823336839675903 2.861919641494751 1.6191959381103516
Iteracion 8_11 3.2620439529418945 2.2841074466705322 3.2230796813964844 2.2990000247955322 3.1977691650390625 2.323315382003784 3.1823272705078125 2.3547985553741455 3.179192304611206 2.395693302154541 2.974472999572754 2.282392978668213 2.9342432022094727 2.2924814224243164 2.906554937362671 2.3119776248931885 2.8880720138549805 2.338714361190796 2.8786516189575195 2.3729774951934814 2.886173725128174 2.4217870235443115
Iteracion 9_10 3.9622209072113037 3.0403189659118652 3.891385078430176 3.040282964706421 3.853893518447876 3.0655252933502197 3.832029104232788 3.103116035461426 3.8299715518951416 3.1571848392486572 3.615938663482666 3.034132719039917 3.5710654258728027 3.049978256225586 3.542489767074585 3.079439163208008 3.5278210639953613 3.12115216255188 3.549591064453125 3.196065902709961
Iteracion 10_9 3.7639575004577637 2.734675168991089 3.7194550037384033 2.7522518634796143 3.6920254230499268 2.7821407318115234 3.6785404682159424 2.822643518447876 3.5025949478149414 2.736527442932129 3.44353985786438 2.7391154766082764 3.4087789058685303 2.7603750228881836 3.3865206241607666 2.791632890701294 3.3774707317352295 2.8340342044830322
Iteracion 11_11 3.4028351306915283 2.382690906524658 3.3570291996002197 2.394545793533325 3.327822685241699 2.4178051948547363 3.3095884323120117 2.4489667415618896 3.3040785789489746 2.4898018836975098 3.1046142578125 2.382254123687744 3.061272144317627 2.3917274475097656 3.032155752182007 2.411886215209961 3.012964963912964 2.4398512840270996 3.003800868988037 2.476142406463623 3.0166192054748535 2.5312445163726807
Iteracion 12_10 3.8966856002807617 1.985460877418518 3.8333001136779785 1.9954899549484253 3.801720142364502 2.0214104652404785 3.784148693084717 2.0546252727508545 3.578087329864502 1.98336660861969 3.5295395851135254 1.9969173669815063 3.501171588897705 2.02140212059021 3.48449444770813 2.052523612976074 3.4799323081970215 2.090954303741455 3.501912832260132 2.14597487449646
Iteracion 13_11 3.3980400562286377 1.584532380104065 3.338383674621582 1.59232759475708 3.3083317279815674 1.6135811805725098 3.29007887840271 1.6403727531433105 3.2813427448272705 1.6719279289245605 3.0496015548706055 1.5875221490859985 3.0178606510162354 1.6046247482299805 2.996781826019287 1.6271198987960815 2.9845845699310303 1.6543824672698975 2.980536699295044 1.6863068342208862 2.991180896759033 1.726959228515625
Iteracion 14_9 3.6593515872955322 1.2958440780639648 3.6289100646972656 1.3208153247833252 3.6120996475219727 1.350508689880371 3.3655858039855957 1.2919273376464844 3.334399700164795 1.3134547472000122 3.316197395324707 1.3398303985595703 3.3071775436401367 1.3698779344558716 3.3082637786865234 1.4042744636535645 3.3303186893463135 1.448063850402832
Iteracion 15_7 3.8221638202667236 0.6053712368011475 3.5420169830322266 0.5927302241325378 3.5074856281280518 0.6184642910957336 3.4897921085357666 0.6467945575714111 3.4831764698028564 0.6770609617233276 3.4862163066864014 0.7092786431312561 3.5036919116973877 0.7447329759597778
Iteracion 16_6 3.3967878818511963 -0.11861852556467056 3.371675491333008 -0.08829042315483093 3.361102342605591 -0.05866825208067894 3.360535144805908 -0.02932685986161232 3.3685824871063232 1.4081204646743117e-08 3.3888139724731445 0.029573671519756317
Iteracion 17_7 3.651592493057251 -0.843036413192749 3.6379284858703613 -0.8065097332000732 3.6380131244659424 -0.773283839225769 3.6491811275482178 -0.7424341440200806 3.6727828979492188 -0.7139167189598083 3.729300022125244 -0.6911847591400146 3.9877426624298096 -0.7031465768814087
Iteracion 18_9 3.100444793701172 -1.190148949623108 3.0886683464050293 -1.1548055410385132 3.089054584503174 -1.124323844909668 3.0983121395111084 -1.0971697568893433 3.1152291297912598 -1.0726591348648071 3.1440231800079346 -1.0519754886627197 3.395012378692627 -1.1031063795089722 3.412269115447998 -1.075884222984314 3.4422805309295654 -1.0524108409881592
Iteracion 19_9 3.3731131553649902 -1.6817718744277954 3.3639869689941406 -1.6407259702682495 3.3700296878814697 -1.6074217557907104 3.385901689529419 -1.5788719654083252 3.4126265048980713 -1.5552237033843994 3.4608991146087646 -1.5408916473388672 3.6740012168884277 -1.5975010395050049 3.6946520805358887 -1.5682865381240845 3.7318646907806396 -1.5457886457443237
Iteracion 20_9 3.8054444789886475 -2.518768310546875 3.766676902770996 -2.44610857963562 3.773002862930298 -2.403667688369751 3.793966293334961 -2.3707327842712402 3.829697370529175 -2.34684157371521 4.066617488861084 -2.4434704780578613 4.074350357055664 -2.399975538253784 4.098330974578857 -2.3661720752716064 4.1409592628479 -2.342841863632202
Iteracion 21_10 3.202345371246338 -2.8834052085876465 3.1939547061920166 -2.825772762298584 3.2076783180236816 -2.7883920669555664 3.2328240871429443 -2.7610926628112793 3.2698593139648438 -2.7437379360198975 3.3405520915985107 -2.75373911857605 3.4937164783477783 -2.829155921936035 3.5068976879119873 -2.789512872695923 3.533099412918091 -2.760359764099121 3.573648452758789 -2.742157220840454
Iteracion 22_9 3.5706708431243896 -3.3297038078308105 3.5764899253845215 -3.2772486209869385 3.6007137298583984 -3.2420969009399414 3.639232635498047 -3.2197208404541016 3.706362009048462 -3.2218916416168213 3.870164155960083 -3.3054325580596924 3.8852479457855225 -3.2601099014282227 3.917142629623413 -3.22904372215271 3.9689512252807617 -3.2139928340911865
Iteracion 23_8 4.246099948883057 -2.8104324340820312 4.2479143142700195 -2.75862717628479 4.269700050354004 -2.7200989723205566 4.310402870178223 -2.6934382915496826 4.5435686111450195 -2.7843024730682373 4.556604385375977 -2.737884044647217 4.588904857635498 -2.703071355819702 4.65581750869751 -2.688037872314453
Iteracion 24_7 4.577417373657227 -2.0379979610443115 4.542462348937988 -1.9751192331314087 4.546686172485352 -1.929953694343567 4.5689697265625 -1.892528772354126 4.616215229034424 -1.865071177482605 4.854409694671631 -1.9122025966644287 4.888177394866943 -1.8763951063156128
Iteracion 25_16 1.9198318719863892 -1.473138689994812 1.914986491203308 -1.443045973777771 1.9182701110839844 -1.419445514678955 1.9258427619934082 -1.3992068767547607 1.9370512962341309 -1.3816853761672974 1.9518476724624634 -1.3666985034942627 1.970734715461731 -1.3544484376907349 1.9950647354125977 -1.3456882238388062 2.032721519470215 -1.3454290628433228 2.2154767513275146 -1.4387472867965698 2.219792366027832 -1.4141638278961182 2.229001045227051 -1.3928343057632446 2.2426536083221436 -1.3743001222610474 2.261456251144409 -1.3588201999664307 2.287400960922241 -1.3473819494247437 2.328399896621704 -1.3443024158477783
Iteracion 26_19 1.6263805627822876 -1.4643994569778442 1.6161741018295288 -1.4298700094223022 1.6165080070495605 -1.4052088260650635 1.6215479373931885 -1.3849326372146606 1.6298913955688477 -1.3676413297653198 1.6410081386566162 -1.3527429103851318 1.6548258066177368 -1.340051531791687 1.671657919883728 -1.329696774482727 1.6923508644104004 -1.3222094774246216 1.7200101613998413 -1.319810152053833 1.9198824167251587 -1.4467350244522095 1.9154568910598755 -1.4173634052276611 1.9187532663345337 -1.3940556049346924 1.9262750148773193 -1.3739985227584839 1.9374018907546997 -1.3565831184387207 1.952104091644287 -1.3416439294815063 1.9709067344665527 -1.3293931484222412 1.9951906204223633 -1.3205877542495728 2.032961130142212 -1.3202203512191772
Iteracion 27_19 1.626388430595398 -1.4644067287445068 1.6161473989486694 -1.4298464059829712 1.6166373491287231 -1.4053213596343994 1.6217414140701294 -1.3850980997085571 1.630001425743103 -1.3677337169647217 1.640987753868103 -1.3527259826660156 1.6546798944473267 -1.3399335145950317 1.6714599132537842 -1.3295392990112305 1.6923363208770752 -1.3221980333328247 1.7197630405426025 -1.3196204900741577 1.9183382987976074 -1.419495701789856 1.914921522140503 -1.391271710395813 1.917815923690796 -1.3679649829864502 1.9250807762145996 -1.3479559421539307 1.9359745979309082 -1.3305584192276 1.9503923654556274 -1.3155560493469238 1.9689422845840454 -1.303214430809021 1.993793249130249 -1.294784426689148 2.0311617851257324 -1.2939929962158203
Iteracion 28_22 1.6270774602890015 -1.46502685546875 1.6162587404251099 -1.4299447536468506 1.6169254779815674 -1.405571699142456 1.6219639778137207 -1.3852883577346802 1.6301988363265991 -1.3678994178771973 1.6411747932434082 -1.3528802394866943 1.6548579931259155 -1.3400776386260986 1.6716136932373047 -1.3296613693237305 1.6924093961715698 -1.32225501537323 1.7195719480514526 -1.3194737434387207 1.6759369373321533 -1.1954340934753418 1.6470180749893188 -1.1532541513442993 1.6415975093841553 -1.1282386779785156 1.642081618309021 -1.107597827911377 1.646009922027588 -1.0894702672958374 1.6526535749435425 -1.073245644569397 1.6620063781738281 -1.0588148832321167 1.6740163564682007 -1.046041488647461 1.6888933181762695 -1.0349550247192383 1.7075053453445435 -1.025972604751587 1.7324509620666504 -1.020491361618042 1.7834672927856445 -1.029685378074646
Iteracion 29_22 1.6276729106903076 -1.4655630588531494 1.6165813207626343 -1.430229902267456 1.617141842842102 -1.4057598114013672 1.6221225261688232 -1.3854234218597412 1.630306601524353 -1.3679897785186768 1.6412338018417358 -1.3529287576675415 1.6548672914505005 -1.3400847911834717 1.6715642213821411 -1.3296220302581787 1.692286491394043 -1.3221590518951416 1.719342589378357 -1.3192976713180542 1.6772936582565308 -1.1964017152786255 1.6474100351333618 -1.1535288095474243 1.6418113708496094 -1.1283854246139526 1.6422431468963623 -1.1077070236206055 1.6461290121078491 -1.089548945426941 1.652733325958252 -1.0732975006103516 1.6620862483978271 -1.0588657855987549 1.6740574836730957 -1.0460669994354248 1.6888904571533203 -1.0349533557891846 1.7074490785598755 -1.0259389877319336 1.7322096824645996 -1.0203492641448975 1.7821792364120483 -1.0289413928985596
Iteracion 30_11 3.5216140747070312 -1.7176058292388916 3.517650842666626 -1.6778334379196167 3.5270512104034424 -1.644690990447998 3.547389030456543 -1.616638422012329 3.5816638469696045 -1.594659686088562 3.554382085800171 -1.4360631704330444 3.542890787124634 -1.395581603050232 3.5461785793304443 -1.3612502813339233 3.5608696937561035 -1.3313544988632202 3.587343215942383 -1.305686116218567 3.6404664516448975 -1.2891566753387451
Iteracion 31_11 3.389796733856201 -2.373561382293701 3.3696534633636475 -2.3158984184265137 3.376343011856079 -2.277372360229492 3.394834280014038 -2.2469921112060547 3.4247772693634033 -2.224076271057129 3.4748332500457764 -2.2137129306793213 3.398667097091675 -2.0421249866485596 3.395829200744629 -2.000295877456665 3.406588077545166 -1.9667946100234985 3.42819881439209 -1.9395819902420044 3.4628076553344727 -1.9194661378860474
Iteracion 32_13 3.183380603790283 -1.5183948278427124 3.1677210330963135 -1.477132797241211 3.1690664291381836 -1.4442270994186401 3.1793572902679443 -1.4155412912368774 3.1987881660461426 -1.3908727169036865 3.2302496433258057 -1.3711596727371216 3.2242319583892822 -1.2376667261123657 3.196733236312866 -1.1952096223831177 3.192384719848633 -1.1619329452514648 3.197711229324341 -1.1323689222335815 3.2115261554718018 -1.1058170795440674 3.235661506652832 -1.0826373100280762 3.2795534133911133 -1.06559157371521
Iteracion 33_11 3.8722381591796875 -1.183862328529358 3.844754457473755 -1.1388683319091797 3.8413708209991455 -1.1014952659606934 3.8509607315063477 -1.0679658651351929 3.8735570907592773 -1.0379165410995483 3.9210565090179443 -1.0140539407730103 3.877993583679199 -0.8597309589385986 3.8666043281555176 -0.8218722343444824 3.8694581985473633 -0.7872499823570251 3.884608268737793 -0.7550913095474243 3.916341781616211 -0.7258508205413818
Iteracion 34_12 3.8267688751220703 -0.4360051453113556 3.757418632507324 -0.3949202597141266 3.741544723510742 -0.36026954650878906 3.738941192626953 -0.327114999294281 3.747917652130127 -0.29496753215789795 3.770754337310791 -0.26367661356925964 3.8363218307495117 -0.13396738469600677 3.7850139141082764 -0.0991140827536583 3.7678351402282715 -0.065767802298069 3.764029026031494 -0.03284808248281479 3.771561861038208 1.2948834005044318e-08 3.7937710285186768 0.03310767188668251
Iteracion 35_15 3.0361428260803223 -0.18569834530353546 2.9890925884246826 -0.15665191411972046 2.9717020988464355 -0.12974728643894196 2.963927984237671 -0.10350270569324493 2.963656187057495 -0.07760605961084366 2.9705095291137695 -0.05185043066740036 2.9854612350463867 -0.026053650304675102 3.0186543464660645 1.3272694943111674e-08 3.0250914096832275 0.13207833468914032 3.003190755844116 0.15739083290100098 2.9919230937957764 0.1829937994480133 2.9884560108184814 0.20897307991981506 2.9915151596069336 0.23543742299079895 3.0037670135498047 0.262795627117157 3.0318639278411865 0.29193517565727234
Iteracion 36_10 4.184557914733887 0.3293319344520569 4.150710582733154 0.3631402254104614 4.137871742248535 0.3984315097332001 4.1388115882873535 0.43500638008117676 4.15590238571167 0.4735051989555359 4.2089762687683105 0.6290357112884521 4.176543235778809 0.6614993214607239 4.163352966308594 0.6967063546180725 4.164128303527832 0.7342480421066284 4.182892322540283 0.7752530574798584
Iteracion 37_10 3.791335105895996 1.1230448484420776 3.757361888885498 1.1487411260604858 3.7400527000427246 1.1792341470718384 3.7342190742492676 1.2133214473724365 3.742082118988037 1.2520831823349 3.8110783100128174 1.4249036312103271 3.780386447906494 1.4511542320251465 3.76365065574646 1.4825412034988403 3.7594144344329834 1.5189013481140137 3.773158550262451 1.5628935098648071
Iteracion 38_11 3.6296451091766357 1.5406928062438965 3.56185245513916 1.548737645149231 3.5317862033843994 1.5724527835845947 3.51458740234375 1.6016899347305298 3.5079293251037598 1.6357742547988892 3.515968084335327 1.6770310401916504 3.610649824142456 1.8397181034088135 3.570401668548584 1.8586336374282837 3.546928882598877 1.8859353065490723 3.5347108840942383 1.919191598892212 3.5357558727264404 1.9599016904830933
Iteracion 39_11 3.3961472511291504 2.1635844707489014 3.34189510345459 2.1702518463134766 3.3105452060699463 2.191202163696289 3.2904605865478516 2.2194433212280273 3.281057119369507 2.2550079822540283 3.289945125579834 2.3036444187164307 3.3898582458496094 2.462876319885254 3.349865198135376 2.4787702560424805 3.323807954788208 2.504669427871704 3.3087427616119385 2.5388875007629395 3.3090062141418457 2.5852789878845215
Iteracion 40_11 3.2985551357269287 1.468611478805542 3.2659313678741455 1.488370656967163 3.245558023452759 1.5134286880493164 3.235196113586426 1.5431095361709595 3.2345900535583496 1.5776151418685913 3.2531535625457764 1.6219624280929565 3.324291467666626 1.76755690574646 3.2915406227111816 1.7871607542037964 3.270597219467163 1.8129218816757202 3.2599833011627197 1.8444098234176636 3.2609341144561768 1.8827012777328491
Iteracion 41_10 3.827357292175293 -1.6246165037155151 3.8193607330322266 -1.5820306539535522 3.8274619579315186 -1.5463947057724 3.8480770587921143 -1.51579749584198 3.8857624530792236 -1.491604208946228 3.853128671646118 -1.3267382383346558 3.8446362018585205 -1.2863973379135132 3.851083278656006 -1.2512927055358887 3.869886875152588 -1.220170497894287 3.9065821170806885 -1.1943624019622803
Iteracion 42_12 2.8513736724853516 -2.3925867080688477 2.8486859798431396 -2.348275661468506 2.8596463203430176 -2.3156960010528564 2.879549503326416 -2.2904975414276123 2.908287286758423 -2.272202730178833 2.9508934020996094 -2.2642996311187744 2.875697135925293 -2.0893166065216064 2.8737640380859375 -2.0498359203338623 2.8833281993865967 -2.018928289413452 2.901827812194824 -1.994370937347412 2.9284234046936035 -1.9752463102340698 2.9691786766052246 -1.9652562141418457
Iteracion 43_12 3.933504343032837 -0.7290316820144653 3.8790507316589355 -0.68398118019104 3.8669240474700928 -0.6471010446548462 3.868962049484253 -0.6127833724021912 3.882873296737671 -0.5802992582321167 3.9138128757476807 -0.5500503182411194 3.927785634994507 -0.4128265976905823 3.900042772293091 -0.3755311965942383 3.8918025493621826 -0.34048858284950256 3.8957550525665283 -0.3066025674343109 3.9129300117492676 -0.2736184895038605 3.9572486877441406 -0.24203556776046753
Iteracion 44_11 3.560434103012085 2.014396905899048 3.5088841915130615 2.025855302810669 3.479504346847534 2.04958438873291 3.4621689319610596 2.0802810192108154 3.4564740657806396 2.1181299686431885 3.474623441696167 2.171185255050659 3.5646016597747803 2.3148791790008545 3.523249864578247 2.3319883346557617 3.497512102127075 2.3591020107269287 3.483491897583008 2.394137144088745 3.4850480556488037 2.4402565956115723
Iteracion 45_3 2.1683349609375 2.1308164596557617 2.1090338230133057 2.1090338230133057 2.0764787197113037 2.1130402088165283
Iteracion 46_3 2.1683349609375 2.1308164596557617 2.1090338230133057 2.1090338230133057 2.0764787197113037 2.1130402088165283
Iteracion 47_3 2.1683349609375 2.1308164596557617 2.1090338230133057 2.1090338230133057 2.0764787197113037 2.1130402088165283
Iteracion 48_3 2.1683349609375 2.1308164596557617 2.1090338230133057 2.1090338230133057 2.0764787197113037 2.1130402088165283
Iteracion 49_3 2.1683349609375 2.1308164596557617 2.1090338230133057 2.1090338230133057 2.0764787197113037 2.1130402088165283
Iteracion 50_10 3.8355605602264404 2.44352126121521 3.7926337718963623 2.4629650115966797 3.7669572830200195 2.4932944774627686 3.7549781799316406 2.532764434814453 3.7665810585021973 2.5886991024017334 3.6252737045288086 2.633915424346924 3.5756962299346924 2.645876169204712 3.545405864715576 2.6716551780700684 3.5276436805725098 2.7068560123443604 3.5267932415008545 2.7554328441619873
Iteracion 51_11 3.3742353916168213 1.8703694343566895 3.3406741619110107 1.890062689781189 3.3194658756256104 1.916494607925415 3.308626174926758 1.9489295482635498 3.310398578643799 1.9890880584716797 3.1680052280426025 2.0573267936706543 3.127183675765991 2.069837808609009 3.1008377075195312 2.091541051864624 3.083972454071045 2.1195554733276367 3.076726198196411 2.154346466064453 3.0874197483062744 2.202235221862793
Iteracion 52_10 4.491384029388428 1.1198279857635498 4.4204912185668945 1.1432163715362549 4.394712924957275 1.1775599718093872 4.385594367980957 1.2162327766418457 4.394272804260254 1.2600373029708862 4.204029083251953 1.3255252838134766 4.172131538391113 1.3556077480316162 4.1570563316345215 1.3909317255020142 4.156884670257568 1.4313298463821411 4.183568000793457 1.4814790487289429
Iteracion 53_12 3.897691249847412 0.10206465423107147 3.8584160804748535 0.1347389668226242 3.84299635887146 0.16778884828090668 3.840148448944092 0.2012539803981781 3.84976863861084 0.23546183109283447 3.878335952758789 0.271199494600296 3.6782519817352295 0.28948476910591125 3.6347601413726807 0.31800034642219543 3.616241455078125 0.34820428490638733 3.6093311309814453 0.37935569882392883 3.6128475666046143 0.41163188219070435 3.6301047801971436 0.4457210302352905
Iteracion 54_9 4.483684062957764 -0.8310014605522156 4.469411373138428 -0.7880776524543762 4.474010944366455 -0.748692512512207 4.306654453277588 -0.6821067929267883 4.250580787658691 -0.6352534294128418 4.23867654800415 -0.5957068800926208 4.2425856590271 -0.5585472583770752 4.261597156524658 -0.5232585072517395 4.311490535736084 -0.4912321865558624
Iteracion 55_8 3.3309481143951416 -1.771096110343933 3.323939085006714 -1.7303333282470703 3.1005442142486572 -1.5798060894012451 3.0931613445281982 -1.542193055152893 3.097862720489502 -1.5109283924102783 3.111745834350586 -1.4842267036437988 3.1342430114746094 -1.4615216255187988 3.1708686351776123 -1.4450479745864868
Iteracion 56_7 3.9366636276245117 -2.5564990043640137 3.696640729904175 -2.355020046234131 3.6719160079956055 -2.2944674491882324 3.6782708168029785 -2.25404691696167 3.6979146003723145 -2.2219314575195312 3.731459379196167 -2.1979973316192627 3.7986295223236084 -2.1931397914886475
Iteracion 57_6 3.084392547607422 -2.5881123542785645 3.0734703540802 -2.533573865890503 3.08371901512146 -2.4971466064453125 3.1044912338256836 -2.469423532485962 3.135303020477295 -2.4495670795440674 3.182776689529419 -2.442230224609375
Iteracion 58_6 3.9277424812316895 -2.267683506011963 3.700829029083252 -2.0938282012939453 3.697312831878662 -2.0494542121887207 3.7093966007232666 -2.0140380859375 3.7339282035827637 -1.9853647947311401 3.776682138442993 -1.9660162925720215
Iteracion 59_9 3.8388924598693848 -1.3594229221343994 3.823409080505371 -1.3165050745010376 3.8263044357299805 -1.2802637815475464 3.612248420715332 -1.173690676689148 3.5942893028259277 -1.133275032043457 3.5933499336242676 -1.098597526550293 3.603358507156372 -1.0673635005950928 3.625265598297119 -1.039528250694275 3.6672801971435547 -1.0170265436172485
Iteracion 60_10 4.262896537780762 -0.561221182346344 4.246140956878662 -0.5213608145713806 4.246500015258789 -0.4838273227214813 4.261519432067871 -0.44790342450141907 4.0519490242004395 -0.3901580572128296 4.0222392082214355 -0.3519003391265869 4.01367712020874 -0.3158832788467407 4.018078327178955 -0.2809712290763855 4.036960124969482 -0.2469109147787094 4.0909647941589355 -0.21439866721630096
Iteracion 61_10 4.450777053833008 0.7049338817596436 4.40804386138916 0.7376534938812256 4.391027450561523 0.7742564678192139 4.389697551727295 0.8135821223258972 4.408100128173828 0.8568480610847473 4.2199602127075195 0.8969804048538208 4.1793107986450195 0.9265313148498535 4.1613030433654785 0.9607124924659729 4.157641887664795 0.9981613755226135 4.1712517738342285 1.04000985622406
Iteracion 62_11 4.079845905303955 1.7739677429199219 4.007925033569336 1.7844433784484863 3.97699236869812 1.8124202489852905 3.960841178894043 1.846970796585083 3.959576368331909 1.8886215686798096 3.9937522411346436 1.947883129119873 3.7873928546905518 1.9715923070907593 3.753326416015625 1.9956787824630737 3.7337875366210938 2.0272815227508545 3.727182149887085 2.066011428833008 3.7438299655914307 2.118157148361206
Iteracion 63_14 2.913801431655884 0.9187182188034058 2.878162384033203 0.9351717233657837 2.85703706741333 0.9559513926506042 2.8442277908325195 0.9793460965156555 2.837644577026367 1.004862666130066 2.838981866836548 1.0333048105239868 2.8508167266845703 1.0658767223358154 2.681957721710205 1.1109031438827515 2.6504194736480713 1.125036358833313 2.629563093185425 1.1433665752410889 2.6160364151000977 1.1647347211837769 2.6083357334136963 1.1886872053146362 2.6065735816955566 1.2154651880264282 2.6147513389587402 1.2471725940704346
Iteracion 64_14 3.34869122505188 -0.02922348864376545 3.3271901607513428 3.1709003422975e-08 3.3184494972229004 0.02895962819457054 3.3184971809387207 0.057924624532461166 3.3275914192199707 0.08713608235120773 3.3501763343811035 0.11699084937572479 3.1638541221618652 0.13813689351081848 3.117197275161743 0.1633656620979309 3.097334146499634 0.1894410103559494 3.0885157585144043 0.2159699648618698 3.086690902709961 0.2429278939962387 3.093120574951172 0.27061307430267334 3.109631299972534 0.29942330718040466 3.1676597595214844 0.3329342305660248
Iteracion 65_9 4.768887519836426 -0.8838608264923096 4.728143692016602 -0.8336991667747498 4.722158432006836 -0.79021817445755 4.734926700592041 -0.7499385476112366 4.5177812576293945 -0.675186812877655 4.494040012359619 -0.6315959095954895 4.492415428161621 -0.5914379358291626 4.507114887237549 -0.5534043312072754 4.546444416046143 -0.5180016756057739
Iteracion 66_7 4.895162582397461 -2.1284773349761963 4.85478401184082 -2.0607335567474365 4.653583526611328 -1.927577257156372 4.623712539672852 -1.868100643157959 4.628537654876709 -1.8232293128967285 4.652158260345459 -1.7857959270477295 4.703073978424072 -1.7584072351455688
Iteracion 67_7 3.961988687515259 -2.2874550819396973 3.7426037788391113 -2.1174635887145996 3.7246358394622803 -2.0645997524261475 3.7308220863342285 -2.0256712436676025 3.7499237060546875 -1.9938699007034302 3.7834413051605225 -1.969535231590271 3.8682055473327637 -1.9709495306015015
Iteracion 68_8 5.481682300567627 0.624558687210083 5.446801662445068 0.6687834858894348 5.4397101402282715 0.7161518335342407 5.460714340209961 0.7674530744552612 5.235936641693115 0.8292908668518066 5.211805820465088 0.8721571564674377 5.210958957672119 0.9188327193260193 5.24118185043335 0.9713954329490662
Iteracion 69_9 4.382729530334473 2.1375999450683594 4.349061489105225 2.1683616638183594 4.3327860832214355 2.207664966583252 4.336259841918945 2.2573142051696777 4.18343448638916 2.318915843963623 4.1360764503479 2.3400795459747314 4.110276222229004 2.3730690479278564 4.100242614746094 2.415226936340332 4.118520736694336 2.474656820297241
Iteracion 70_2 1.842652440071106 1.8426527976989746 1.8044648170471191 1.8362363576889038
Iteracion 71_2 1.842652440071106 1.8426527976989746 1.8044648170471191 1.8362363576889038
Iteracion 72_2 1.842652440071106 1.8426527976989746 1.8044648170471191 1.8362363576889038
Iteracion 73_2 1.842652440071106 1.8426527976989746 1.8044648170471191 1.8362363576889038
Iteracion 74_2 1.842652440071106 1.8426527976989746 1.8044648170471191 1.8362363576889038
