Iteracion 0_9 2.718560218811035 1.2676855325698853 2.683917284011841 1.2801631689071655 2.667031764984131 1.3007982969284058 2.6705522537231445 1.3314882516860962 2.684234619140625 1.4272328615188599 2.6291394233703613 1.4275065660476685 2.6064884662628174 1.4448003768920898 2.6032302379608154 1.472837209701538 2.6424334049224854 1.5256096124649048
Iteracion 1_9 2.719327211380005 1.2680431604385376 2.6842384338378906 1.2803161144256592 2.667154312133789 1.3008580207824707 2.670671224594116 1.3315473794937134 2.6848740577697754 1.4275728464126587 2.6294326782226562 1.4276655912399292 2.606775999069214 1.4449596405029297 2.603337526321411 1.4728976488113403 2.641801118850708 1.5252445936203003
Iteracion 2_9 2.720630645751953 1.268651008605957 2.6846561431884766 1.280515432357788 2.6671602725982666 1.3008610010147095 2.6706724166870117 1.3315478563308716 2.6859896183013916 1.4281659126281738 2.629812240600586 1.427871823310852 2.607147455215454 1.445165753364563 2.6033194065093994 1.4728872776031494 2.640120267868042 1.5242738723754883
Iteracion 3_8 2.7517824172973633 1.2831772565841675 2.7235569953918457 1.299070119857788 2.7130541801452637 1.3232449293136597 2.7221436500549316 1.3572105169296265 2.607325553894043 1.3863396644592285 2.58720326423645 1.404736876487732 2.5766918659210205 1.4282838106155396 2.588838815689087 1.4646944999694824
Iteracion 4_8 2.771735906600952 1.3220503330230713 2.7509615421295166 1.341733455657959 2.7462046146392822 1.3692069053649902 2.6170570850372314 1.3334574699401855 2.593961477279663 1.3503310680389404 2.5811562538146973 1.3724250793457031 2.576403856277466 1.3988733291625977 2.5827419757843018 1.4316374063491821
Iteracion 5_8 2.7721688747406006 1.3222566843032837 2.75114369392395 1.3418223857879639 2.746382236480713 1.369295597076416 2.6174628734588623 1.3336642980575562 2.5943596363067627 1.3505382537841797 2.5813493728637695 1.372527837753296 2.5765929222106934 1.39897620677948 2.582665205001831 1.4315952062606812
Iteracion 6_6 2.6579456329345703 1.2963666915893555 2.620760202407837 1.306662678718567 2.603815793991089 1.3267107009887695 2.5903613567352295 1.348456859588623 2.5873327255249023 1.3757091760635376 2.593269109725952 1.4080305099487305
Iteracion 7_10 2.7249982357025146 1.2706875801086426 2.6836400032043457 1.2800309658050537 2.657428503036499 1.2961145639419556 2.6474573612213135 1.319973349571228 2.659219741821289 1.3549402952194214 2.773297071456909 1.4436874389648438 2.7148630619049072 1.4435182809829712 2.68397855758667 1.4572815895080566 2.6716115474700928 1.4808984994888306 2.6711037158966064 1.5112377405166626
Iteracion 8_9 2.747514486312866 1.2811872959136963 2.709007501602173 1.2921305894851685 2.6913938522338867 1.3126806020736694 2.6947081089019775 1.343531847000122 2.7083237171173096 1.440041184425354 2.653240203857422 1.4405921697616577 2.630537986755371 1.4581310749053955 2.6270837783813477 1.4863325357437134 2.6705009937286377 1.5418140888214111
Iteracion 9_8 2.8334882259368896 1.0876740217208862 2.8088674545288086 1.1064420938491821 2.8037843704223633 1.132802128791809 2.8184478282928467 1.1674391031265259 2.792064666748047 1.2431073188781738 2.7533669471740723 1.2547816038131714 2.736088514328003 1.275858998298645 2.7395994663238525 1.3067219257354736
Iteracion 10_8 2.8340325355529785 1.0878832340240479 2.8094019889831543 1.1066526174545288 2.8038299083709717 1.1328206062316895 2.8173766136169434 1.1669955253601074 2.7936148643493652 1.2437976598739624 2.75384783744812 1.2550009489059448 2.736102819442749 1.275865912437439 2.7396082878112793 1.306726098060608
Iteracion 11_9 2.942558526992798 1.0132038593292236 2.9064438343048096 1.0292255878448486 2.895526647567749 1.053885579109192 2.902954578399658 1.0853700637817383 2.9325859546661377 1.1257141828536987 2.775385618209839 1.121328353881836 2.7649106979370117 1.145263433456421 2.7623419761657715 1.1725444793701172 2.7748007774353027 1.2065176963806152
Iteracion 12_9 2.943319320678711 1.0134660005569458 2.9067158699035645 1.0293221473693848 2.8957958221435547 1.053983449935913 2.9030046463012695 1.0853888988494873 2.9319612979888916 1.125474452972412 2.7756500244140625 1.1214354038238525 2.765162944793701 1.145367980003357 2.762387990951538 1.1725640296936035 2.7748420238494873 1.206535816192627
Iteracion 13_8 2.957556962966919 1.047325849533081 2.930912494659424 1.0667649507522583 2.9187352657318115 1.0912704467773438 2.7867252826690674 1.0697236061096191 2.762016534805298 1.0879870653152466 2.750713348388672 1.1113600730895996 2.7461628913879395 1.1374977827072144 2.752828598022461 1.1685066223144531
Iteracion 14_8 2.957820415496826 1.0474190711975098 2.9311723709106445 1.0668596029281616 2.9190165996551514 1.0913755893707275 2.786983013153076 1.0698224306106567 2.7622721195220947 1.0880876779556274 2.7509958744049072 1.1114741563796997 2.7464444637298584 1.1376144886016846 2.753141403198242 1.1686391830444336
Iteracion 15_8 2.965479850769043 0.8503376841545105 2.938107490539551 0.8703072667121887 2.9295260906219482 0.8956462740898132 2.7867379188537598 0.8786552548408508 2.7645931243896484 0.8982710242271423 2.7601914405822754 0.9235474467277527 2.7557005882263184 0.9488636255264282 2.7696235179901123 0.9807751774787903
Iteracion 16_6 2.810142993927002 0.8324024081230164 2.7814199924468994 0.8503656387329102 2.7638182640075684 0.8714285492897034 2.7572567462921143 0.8958869576454163 2.7545368671417236 0.9216552376747131 2.770798921585083 0.9540625214576721
Iteracion 17_6 2.810936212539673 0.832637369632721 2.781846046447754 0.8504958748817444 2.7642390727996826 0.8715611696243286 2.757563352584839 0.8959866762161255 2.754840135574341 0.9217566251754761 2.77078914642334 0.9540590047836304
Iteracion 18_8 2.819715738296509 0.8085404634475708 2.791374921798706 0.8268430233001709 2.775562286376953 0.8485747575759888 2.768521547317505 0.8729115128517151 2.7722504138946533 0.9007588028907776 2.889967918395996 0.9669699668884277 2.8734312057495117 0.9894015789031982 2.8714911937713623 1.0168483257293701
Iteracion 19_9 2.9329426288604736 0.7858795523643494 2.864701986312866 0.7944520711898804 2.847609281539917 0.8165387511253357 2.8507583141326904 0.8444331288337708 2.8872597217559814 0.8827240467071533 2.811124086380005 0.9405890703201294 2.786365509033203 0.9594224095344543 2.7831883430480957 0.9855785965919495 2.796062469482422 1.0176833868026733
Iteracion 20_9 2.9067814350128174 0.8061218857765198 2.896165609359741 0.8304621577262878 2.897789478302002 0.8583645224571228 2.909151315689087 0.8894171714782715 2.774873733520508 0.9016112685203552 2.764394760131836 0.924953818321228 2.7588062286376953 0.9499331712722778 2.7699077129364014 0.9808757901191711 2.815365791320801 1.0247093439102173
Iteracion 21_7 2.941742181777954 0.8435310125350952 2.929166078567505 0.8676586151123047 2.789489507675171 0.8528327345848083 2.764195442199707 0.871547520160675 2.7595577239990234 0.8966347575187683 2.7549965381622314 0.9218090176582336 2.7661211490631104 0.952451765537262
Iteracion 22_6 2.827333450317383 0.810724675655365 2.7943215370178223 0.8277158141136169 2.7764225006103516 0.8488378524780273 2.7692506313323975 0.873141348361969 2.766359806060791 0.898844838142395 2.780308485031128 0.9302781820297241
Iteracion 23_9 2.8525564670562744 0.791083812713623 2.8173086643218994 0.807850182056427 2.801157236099243 0.8297406435012817 2.7891008853912354 0.8527140021324158 2.792633056640625 0.8805138468742371 2.9159319400787354 0.9474438428878784 2.8994154930114746 0.9701309204101562 2.8922274112701416 0.9958735704421997 2.89619517326355 1.0255963802337646
Iteracion 24_9 2.867380142211914 0.6883969902992249 2.8258066177368164 0.7045527696609497 2.80958890914917 0.7266089916229248 2.7942142486572266 0.7487074732780457 2.7976608276367188 0.7758599519729614 2.9278039932250977 0.8395342826843262 2.9111998081207275 0.8623366951942444 2.896409273147583 0.885521411895752 2.9003069400787354 0.9144633412361145
Iteracion 25_10 2.8803582191467285 0.5860154628753662 2.83441162109375 0.6024730205535889 2.817068576812744 0.6245294213294983 2.8007733821868896 0.6466094255447388 2.8030762672424316 0.6729589700698853 2.8418545722961426 0.7085540294647217 2.921996593475342 0.7556796073913574 2.905381917953491 0.7784947752952576 2.9049155712127686 0.8056043982505798 2.944519281387329 0.8443273901939392
Iteracion 26_10 2.8807055950164795 0.586086094379425 2.8347530364990234 0.6025455594062805 2.8174078464508057 0.6246046423912048 2.8011107444763184 0.6466872692108154 2.8034169673919678 0.6730406880378723 2.8422443866729736 0.7086511850357056 2.922319173812866 0.7557629942893982 2.9057023525238037 0.7785806059837341 2.905245304107666 0.8056958317756653 2.945101737976074 0.8444943428039551
Iteracion 27_8 2.941761016845703 0.4922819137573242 2.905630350112915 0.5123409628868103 2.8954405784606934 0.536638081073761 2.90170955657959 0.5640352368354797 2.967719316482544 0.6579278707504272 2.9281136989593506 0.6760081648826599 2.9180896282196045 0.7005712985992432 2.918865203857422 0.7277548909187317
Iteracion 28_8 2.9417171478271484 0.49227458238601685 2.9058666229248047 0.5123826861381531 2.895677089691162 0.5366818904876709 2.9022350311279297 0.5641373991966248 2.967741012573242 0.6579326391220093 2.9283859729766846 0.676071047782898 2.9183757305145264 0.7006399631500244 2.9193525314331055 0.7278763055801392
Iteracion 29_8 2.9722914695739746 0.4973909556865692 2.9437811374664307 0.5190680027008057 2.9414803981781006 0.5451710820198059 2.9505929946899414 0.5735372304916382 2.8886678218841553 0.6669015288352966 2.873840808868408 0.6899480819702148 2.876917600631714 0.7172962427139282 2.912749767303467 0.753288209438324
Iteracion 30_10 2.9924633502960205 0.5276519656181335 2.981400966644287 0.5525699257850647 2.9803946018218994 0.5793300271034241 2.990846872329712 0.6084946990013123 3.029860496520996 0.6440168023109436 2.8553547859191895 0.6330173015594482 2.8449690341949463 0.656812846660614 2.845766305923462 0.6832079887390137 2.8563530445098877 0.71216881275177 2.900360584259033 0.7500842213630676
Iteracion 31_9 3.122148036956787 0.32815077900886536 3.0952558517456055 0.35265985131263733 3.0894200801849365 0.3793333172798157 3.099721908569336 0.4080864191055298 3.126566171646118 0.4394100606441498 2.9648025035858154 0.4430926740169525 2.9539880752563477 0.4678657352924347 2.9591259956359863 0.49518778920173645 2.9694910049438477 0.5236013531684875
Iteracion 32_10 3.1240122318267822 0.32834672927856445 3.0956947803497314 0.3527098000049591 3.0895700454711914 0.3793516755104065 3.0998687744140625 0.40810567140579224 3.12624192237854 0.43936455249786377 2.9652130603790283 0.4431540369987488 2.9543941020965576 0.46793004870414734 2.959266185760498 0.49521127343177795 2.9696412086486816 0.523627758026123 3.015085458755493 0.5588129162788391
Iteracion 33_10 3.1250123977661133 0.32845181226730347 3.0960745811462402 0.35275307297706604 3.089838981628418 0.37938475608825684 3.1001343727111816 0.4081406593322754 3.1263089179992676 0.4393739402294159 2.965587615966797 0.4432099759578705 2.9547646045684814 0.46798866987228394 2.959540605545044 0.4952572286128998 2.9699203968048096 0.5236770510673523 3.0151567459106445 0.558826208114624
Iteracion 34_7 3.120399236679077 0.383137047290802 2.969550848007202 0.390949010848999 2.9464428424835205 0.4140954315662384 2.9419591426849365 0.43967869877815247 2.939659833908081 0.46559637784957886 2.952277660369873 0.4940418303012848 3.0010318756103516 0.5291628241539001
Iteracion 35_7 3.1209235191345215 0.3832014203071594 2.970027446746826 0.3910117745399475 2.946711778640747 0.4141332507133484 2.942225933074951 0.4397186040878296 2.9397943019866943 0.4656176269054413 2.952409267425537 0.4940638542175293 3.000519275665283 0.5290724635124207
Iteracion 36_9 3.013155937194824 0.3166952431201935 2.9739603996276855 0.33883994817733765 2.9563486576080322 0.36299416422843933 2.951406955718994 0.38856032490730286 2.9549598693847656 0.4152924120426178 3.088376998901367 0.4615609645843506 3.0673751831054688 0.48582446575164795 3.0514328479766846 0.5106346607208252 3.0549793243408203 0.5386752486228943
Iteracion 37_9 3.006716728210449 0.02623917907476425 2.9822096824645996 0.05205469951033592 2.9669852256774902 0.07769328355789185 2.970442771911621 0.10373025387525558 3.0006706714630127 0.13101214170455933 3.104825735092163 0.1627172976732254 3.083144426345825 0.18857313692569733 3.068939685821533 0.214601069688797 3.0723764896392822 0.24180133640766144
Iteracion 38_8 3.0555620193481445 2.6215740689394806e-08 3.0104968547821045 0.026272166520357132 2.99971866607666 0.052360326051712036 3.009762763977051 0.07881344854831696 3.0361125469207764 0.185696542263031 3.023714065551758 0.21143856644630432 3.0240330696105957 0.23799662292003632 3.0593974590301514 0.2676626741886139
Iteracion 39_8 3.0359160900115967 -0.18568448722362518 3.015747308731079 -0.1580488532781601 3.0132734775543213 -0.13156229257583618 3.0321834087371826 -0.10588622093200684 3.077608585357666 -0.02685779146850109 3.040250539779663 4.504245865177836e-08 3.0291523933410645 0.02643498405814171 3.0462143421173096 0.053171902894973755
Iteracion 40_8 3.071510076522827 -0.18786145746707916 3.0599281787872314 -0.1603642702102661 3.0628998279571533 -0.13372904062271118 3.092594861984253 -0.10799583047628403 2.997056722640991 -0.026154832914471626 2.9943277835845947 4.201176295737241e-08 3.000607967376709 0.0261859018355608 3.0321075916290283 0.05292567238211632
Iteracion 41_8 3.110816478729248 -0.1630312204360962 3.1062705516815186 -0.13562266528606415 3.1160428524017334 -0.10881464928388596 2.9831807613372803 -0.07811734825372696 2.97149395942688 -0.05186761915683746 2.973787546157837 -0.025951772928237915 2.983062982559204 1.533695481725772e-08 3.0099453926086426 0.02626735344529152
Iteracion 42_6 2.9973037242889404 -0.13086506724357605 2.9736642837524414 -0.10384266823530197 2.9689035415649414 -0.07774344086647034 2.9697864055633545 -0.05183779075741768 2.9810268878936768 -0.026014938950538635 3.011406421661377 3.6713629469886655e-08
Iteracion 43_7 3.0049381256103516 -0.1574823409318924 2.982759714126587 -0.13023003935813904 2.97983717918396 -0.10405820608139038 2.976872444152832 -0.07795212417840958 2.9948606491088867 -0.05227547138929367 3.134524345397949 -0.027354490011930466 3.1401584148406982 4.364515859833773e-08
Iteracion 44_8 3.029205560684204 -0.37193983793258667 3.00393009185791 -0.34225454926490784 2.9925878047943115 -0.31453341245651245 2.989556312561035 -0.28786128759384155 2.9983701705932617 -0.2623233199119568 3.148289680480957 -0.24777579307556152 3.1453046798706055 -0.2199409455060959 3.156639337539673 -0.1930682361125946
Iteracion 45_8 3.029569625854492 -0.371984601020813 3.0042898654937744 -0.3422955572605133 2.9928979873657227 -0.31456607580184937 2.989865779876709 -0.2878911793231964 2.998636245727539 -0.26234671473503113 3.1485936641693115 -0.24779967963695526 3.1456079483032227 -0.21996216475963593 3.156900405883789 -0.19308419525623322
Iteracion 46_8 3.0369248390197754 -0.3728875517845154 3.015219211578369 -0.3435407876968384 3.0147228240966797 -0.3168598711490631 3.024766206741333 -0.29125165939331055 3.145920753479004 -0.2475893348455429 3.124690294265747 -0.21849943697452545 3.1155025959014893 -0.19055220484733582 3.1190855503082275 -0.16346462070941925
Iteracion 47_8 3.037163734436035 -0.37291693687438965 3.015458583831787 -0.34356796741485596 3.0150399208068848 -0.31689321994781494 3.0252315998077393 -0.29129651188850403 3.146131753921509 -0.24760597944259644 3.12490177154541 -0.21851426362991333 3.115800619125366 -0.1905703991651535 3.1193854808807373 -0.1634802669286728
Iteracion 48_9 2.9919395446777344 -0.4738765358924866 2.9697158336639404 -0.443826824426651 2.9713282585144043 -0.4175928235054016 2.9838287830352783 -0.39282867312431335 3.113088846206665 -0.3546915650367737 3.08304762840271 -0.32404109835624695 3.0715317726135254 -0.29575464129447937 3.0750675201416016 -0.2690335512161255 3.1132662296295166 -0.2450193613767624
Iteracion 49_9 3.0737833976745605 -0.4868394136428833 3.0523757934570312 -0.4561804533004761 3.055187463760376 -0.429378479719162 3.0781798362731934 -0.40525028109550476 3.132803440093994 -0.3846600353717804 2.985325574874878 -0.3137701451778412 2.9871742725372314 -0.287632018327713 2.996663808822632 -0.26217415928840637 3.025369882583618 -0.2381018102169037
Iteracion 50_10 2.980013608932495 -0.687990128993988 2.964604377746582 -0.6572372913360596 2.9673001766204834 -0.6307193040847778 2.992138147354126 -0.6087572574615479 3.0387797355651855 -0.590678870677948 2.927651882171631 -0.5426079630851746 2.896970748901367 -0.5108140110969543 2.899815320968628 -0.48526251316070557 2.915346384048462 -0.46174535155296326 2.941683530807495 -0.4396374821662903
Iteracion 51_8 2.9702250957489014 -0.7681521773338318 2.95639967918396 -0.7371132373809814 2.963102340698242 -0.7113776803016663 2.82867693901062 -0.6530514359474182 2.8218812942504883 -0.6255962252616882 2.830596446990967 -0.6016619205474854 2.840979814529419 -0.5780037045478821 2.8688650131225586 -0.5576508641242981
Iteracion 52_8 2.970846652984619 -0.7683131098747253 2.9570133686065674 -0.7372662425041199 2.9633138179779053 -0.7114285230636597 2.829265832901001 -0.6531873345375061 2.8220887184143066 -0.6256422400474548 2.8308022022247314 -0.60170578956604 2.8408522605895996 -0.5779778361320496 2.8687305450439453 -0.5576247572898865
Iteracion 53_6 2.7701454162597656 -0.7943264245986938 2.765303611755371 -0.7668865919113159 2.7643373012542725 -0.7407019138336182 2.774573802947998 -0.7175536155700684 2.7872424125671387 -0.6949376463890076 2.9640350341796875 -0.7116017937660217
Iteracion 54_7 2.6826257705688477 -1.0029925107955933 2.6776087284088135 -0.9745697975158691 2.6755151748657227 -0.9474493861198425 2.6855671405792236 -0.9247148633003235 2.6957201957702637 -0.9019753932952881 2.730437755584717 -0.8871728777885437 2.889516592025757 -0.9110610485076904
Iteracion 55_9 2.6817781925201416 -1.0294382572174072 2.675037145614624 -1.0001550912857056 2.6720786094665527 -0.972557008266449 2.6860861778259277 -0.9511930346488953 2.7175660133361816 -0.9357326030731201 2.8325541019439697 -0.9477595090866089 2.829303741455078 -0.9192964434623718 2.8347859382629395 -0.8938044905662537 2.851469039916992 -0.8717817664146423
Iteracion 56_8 2.702603578567505 -1.064583659172058 2.686701774597168 -1.0313280820846558 2.6900670528411865 -1.005774736404419 2.7118325233459473 -0.9870263338088989 2.8133914470672607 -0.9413477778434753 2.7870657444000244 -0.9055725932121277 2.7902965545654297 -0.879777193069458 2.802414655685425 -0.8567843437194824
Iteracion 57_8 2.723219871520996 -1.072704553604126 2.7222695350646973 -1.0449810028076172 2.737931251525879 -1.0236704349517822 2.7788712978363037 -1.0114262104034424 2.7498645782470703 -0.9200916290283203 2.7368645668029785 -0.8892613053321838 2.75002384185791 -0.8670792579650879 2.7733495235443115 -0.8478981256484985
Iteracion 58_10 2.766054630279541 -1.089577555656433 2.7690041065216064 -1.0629210472106934 2.7807469367980957 -1.0396785736083984 2.8036484718322754 -1.020444393157959 2.8481192588806152 -1.008571743965149 2.700333595275879 -0.9297993183135986 2.7029809951782227 -0.904404878616333 2.715961217880249 -0.8824692368507385 2.738374948501587 -0.8634063005447388 2.7871267795562744 -0.8521103262901306
Iteracion 59_7 2.820591926574707 -1.0827237367630005 2.813549041748047 -1.0519428253173828 2.68341326713562 -0.9766826629638672 2.6787123680114746 -0.9485817551612854 2.687035083770752 -0.9252200722694397 2.6985650062561035 -0.9029272794723511 2.7230634689331055 -0.8847771883010864
Iteracion 60_7 2.683480739593506 -1.030091643333435 2.6780900955200195 -1.001296877861023 2.674468755722046 -0.9734269380569458 2.6844089031219482 -0.9505988955497742 2.6943321228027344 -0.9277327060699463 2.7258009910583496 -0.912040114402771 2.883575677871704 -0.9369306564331055
Iteracion 61_9 2.707993984222412 -1.066706895828247 2.6891021728515625 -1.0322496891021729 2.685884952545166 -1.004211187362671 2.6927075386047363 -0.9800652861595154 2.7085371017456055 -0.9591431021690369 2.847083330154419 -0.9803292751312256 2.8432178497314453 -0.9513274431228638 2.841217041015625 -0.9231672883033752 2.8581631183624268 -0.901175320148468
Iteracion 62_8 2.7210440635681152 -1.071847677230835 2.709712266921997 -1.0401611328125 2.712935209274292 -1.0143249034881592 2.7405757904052734 -0.9974881410598755 2.8305506706237793 -0.9470889568328857 2.810384511947632 -0.9131492376327515 2.8137900829315186 -0.8871846199035645 2.8326008319854736 -0.8660131096839905
Iteracion 63_9 2.754868984222412 -1.0851715803146362 2.7444064617156982 -1.0534788370132446 2.760018825531006 -1.0319286584854126 2.7897729873657227 -1.0153942108154297 2.7914838790893555 -0.9340176582336426 2.768043279647827 -0.8993918299674988 2.7724227905273438 -0.8741415143013 2.7883291244506836 -0.8524779081344604 2.841326951980591 -0.8416395783424377
Iteracion 64_8 2.7064366340637207 -1.1767921447753906 2.705998659133911 -1.1486282348632812 2.721470832824707 -1.127269983291626 2.76047420501709 -1.115303635597229 2.7323861122131348 -1.021597146987915 2.719238519668579 -0.989721953868866 2.734708309173584 -0.9684110283851624 2.7609975337982178 -0.9506874084472656
Iteracion 65_10 2.7789571285247803 -1.2083250284194946 2.7490251064300537 -1.1668919324874878 2.7517120838165283 -1.1397961378097534 2.773549795150757 -1.1205865144729614 2.7993967533111572 -1.1027114391326904 2.683328866958618 -1.0300333499908447 2.68308162689209 -1.0031629800796509 2.690033197402954 -0.9790920615196228 2.712216854095459 -0.9604460597038269 2.7454516887664795 -0.9453344941139221
Iteracion 66_10 2.780297040939331 -1.2089073657989502 2.7493879795074463 -1.167046070098877 2.7520933151245117 -1.1399539709091187 2.7737269401550293 -1.120658040046692 2.7992312908172607 -1.1026462316513062 2.6844024658203125 -1.0304454565048218 2.6834542751312256 -1.0033022165298462 2.690223455429077 -0.979161262512207 2.7124078273773193 -0.9605140089988708 2.7453086376190186 -0.9452853798866272
Iteracion 67_9 2.660227060317993 -1.3848265409469604 2.6631205081939697 -1.3569279909133911 2.6760804653167725 -1.3342443704605103 2.697758436203003 -1.3157845735549927 2.6061129570007324 -1.2430522441864014 2.5953965187072754 -1.210253357887268 2.601165771484375 -1.1854195594787598 2.6224007606506348 -1.1675680875778198 2.648338556289673 -1.1515302658081055
Iteracion 68_9 2.6605029106140137 -1.3849700689315796 2.6633965969085693 -1.3570685386657715 2.676290273666382 -1.3343487977981567 2.6979691982269287 -1.3158875703811646 2.6067752838134766 -1.2433680295944214 2.595684289932251 -1.2103877067565918 2.6013872623443604 -1.1855206489562988 2.622624158859253 -1.1676677465438843 2.648465156555176 -1.1515854597091675
Iteracion 69_9 2.7609853744506836 -1.37657630443573 2.76393985748291 -1.348063588142395 2.779503345489502 -1.32575523853302 2.8019986152648926 -1.306593656539917 2.695216417312622 -1.2282809019088745 2.696333885192871 -1.2004854679107666 2.705354690551758 -1.1763218641281128 2.7274577617645264 -1.1577370166778564 2.7620534896850586 -1.1440798044204712
Iteracion 70_9 2.861750841140747 -1.3649852275848389 2.8647661209106445 -1.3358625173568726 2.8853533267974854 -1.3149315118789673 2.9108870029449463 -1.2960106134414673 2.794252395629883 -1.2149757146835327 2.7972869873046875 -1.1873778104782104 2.812093496322632 -1.164806842803955 2.835104465484619 -1.145456314086914 2.883371591567993 -1.1357899904251099
Iteracion 71_7 3.4134647846221924 -1.3445992469787598 3.3965446949005127 -1.3038113117218018 3.268477201461792 -1.2220336198806763 3.2658400535583496 -1.1886686086654663 3.27618145942688 -1.1601566076278687 3.2999255657196045 -1.1362552642822266 3.355527877807617 -1.1227442026138306
Iteracion 72_6 3.292025327682495 -1.2967630624771118 3.2524094581604004 -1.2484830617904663 3.2473418712615967 -1.2141313552856445 3.259572982788086 -1.186387538909912 3.278944492340088 -1.161135196685791 3.4396276473999023 -1.1843585968017578
Iteracion 73_5 3.2529489994049072 -1.248690128326416 3.247645378112793 -1.2142446041107178 3.259876251220703 -1.1864978075027466 3.278815746307373 -1.161089539527893 3.4394845962524414 -1.1843093633651733
Iteracion 74_8 3.284212589263916 -1.3269076347351074 3.2505135536193848 -1.2804110050201416 3.246793270111084 -1.2463271617889404 3.25701904296875 -1.2177492380142212 3.2952687740325928 -1.1993800401687622 3.405461549758911 -1.2059370279312134 3.40144944190979 -1.171212911605835 3.4181265830993652 -1.1436892747879028
