Iteracion 0_10 2.179068088531494 1.6124255657196045 2.1466307640075684 1.6176027059555054 2.1350677013397217 1.6382949352264404 2.126699209213257 1.661559820175171 2.1439335346221924 1.7053618431091309 2.0481574535369873 1.7186079025268555 2.0180845260620117 1.7236074209213257 2.003892183303833 1.7419570684432983 1.994767189025879 1.7648210525512695 2.0122432708740234 1.8118314743041992
Iteracion 1_10 2.1791880130767822 1.6125142574310303 2.1467487812042236 1.617691159248352 2.1356852054595947 1.6387686729431152 2.1278510093688965 1.6624597311019897 2.145139694213867 1.706321120262146 2.048264503479004 1.7186976671218872 2.0181894302368164 1.7236965894699097 2.004490375518799 1.7424767017364502 1.9953614473342896 1.7653460502624512 2.0135385990142822 1.8129980564117432
Iteracion 2_10 2.180109977722168 1.6131967306137085 2.1476426124572754 1.6183651685714722 2.136233329772949 1.639189600944519 2.1280436515808105 1.6626100540161133 2.1452736854553223 1.7064276933670044 2.049038887023926 1.7193479537963867 2.0189409255981445 1.7243386507034302 2.0049736499786377 1.742896556854248 1.9958351850509644 1.76576566696167 2.0136375427246094 1.8130868673324585
Iteracion 3_10 2.188920021057129 1.6494696140289307 2.1693990230560303 1.6646382808685303 2.1552422046661377 1.6838598251342773 2.1511669158935547 1.7111152410507202 2.1567492485046387 1.7465014457702637 2.0330779552459717 1.6759405136108398 2.008418560028076 1.6852632761001587 1.9900845289230347 1.6996928453445435 1.9854284524917603 1.725906252861023 1.9815047979354858 1.7530872821807861
Iteracion 4_11 2.189669609069824 1.6500344276428223 2.1701338291168213 1.6652023792266846 2.1557695865631104 1.6842718124389648 2.1516828536987305 1.7115256786346436 2.156888008117676 1.7466137409210205 2.0342557430267334 1.6769113540649414 2.009080648422241 1.6858189105987549 1.990733027458191 1.700246810913086 1.9859281778335571 1.7263407707214355 1.9820029735565186 1.7535279989242554 2.0055086612701416 1.8057682514190674
Iteracion 5_8 2.2108895778656006 1.6964750289916992 2.1772003173828125 1.7010153532028198 2.0549113750457764 1.6345500946044922 2.0239858627319336 1.6389914751052856 2.0067832469940186 1.6542645692825317 1.9927479028701782 1.6721141338348389 1.9829325675964355 1.6935843229293823 1.9807952642440796 1.7218787670135498
Iteracion 6_8 2.1020963191986084 1.612994909286499 2.057713031768799 1.6076616048812866 2.033350944519043 1.617400050163269 2.014984130859375 1.6317018270492554 2.0021629333496094 1.6504558324813843 1.9909495115280151 1.6706050634384155 1.9966486692428589 1.7052991390228271 2.100451946258545 1.8258943557739258
Iteracion 7_10 2.1109702587127686 1.5907301902770996 2.0752968788146973 1.5924313068389893 2.052323341369629 1.6034506559371948 2.0339927673339844 1.6179109811782837 2.0255484580993652 1.6402567625045776 2.0473289489746094 1.6876879930496216 2.0987298488616943 1.761043906211853 2.0750234127044678 1.7722376585006714 2.0580661296844482 1.7890492677688599 2.048938512802124 1.8127474784851074
Iteracion 8_10 2.146437406539917 1.588280439376831 2.1041319370269775 1.5855774879455566 2.085930824279785 1.6005908250808716 2.0701892375946045 1.6174092292785645 2.0748891830444336 1.6504415273666382 2.0806055068969727 1.7458354234695435 2.041882038116455 1.7439321279525757 2.0233631134033203 1.758882761001587 2.0092720985412598 1.777653455734253 2.014112710952759 1.813515067100525
Iteracion 9_11 2.2047204971313477 1.6314074993133545 2.1751925945281982 1.6391253471374512 2.156024217605591 1.6543753147125244 2.152094841003418 1.6814008951187134 2.1480507850646973 1.70863676071167 2.053401470184326 1.6628117561340332 2.0138838291168213 1.6601178646087646 1.9954402446746826 1.6743731498718262 1.986181378364563 1.6963591575622559 1.982129693031311 1.7230385541915894 1.99514639377594 1.7651563882827759
Iteracion 10_11 2.2108476161956787 1.3814905881881714 2.1819467544555664 1.3900532722473145 2.1633048057556152 1.4048664569854736 2.1597201824188232 1.429487705230713 2.1561052799224854 1.4543113708496094 2.0508227348327637 1.4094914197921753 2.0180130004882812 1.4130277633666992 2.0002405643463135 1.426757574081421 1.9932365417480469 1.4481711387634277 1.9895797967910767 1.4722117185592651 1.997493028640747 1.5052191019058228
Iteracion 11_11 2.143521308898926 1.3394205570220947 2.107253313064575 1.342468500137329 2.084045886993408 1.3533949851989746 2.0672924518585205 1.3683111667633057 2.059296131134033 1.3890128135681152 2.0713648796081543 1.4236094951629639 2.1476335525512695 1.5037890672683716 2.1231114864349365 1.514400839805603 2.0997719764709473 1.5255736112594604 2.0890698432922363 1.5458306074142456 2.0806992053985596 1.5679194927215576
Iteracion 12_12 2.1349685192108154 1.0878210067749023 2.1070621013641357 1.0968672037124634 2.0836329460144043 1.1078872680664062 2.072345018386841 1.125191569328308 2.064852714538574 1.1445668935775757 2.0810418128967285 1.1773967742919922 2.179297685623169 1.2582180500030518 2.140101194381714 1.2606158256530762 2.1166675090789795 1.271822452545166 2.100085973739624 1.28693425655365 2.092312812805176 1.3074219226837158 2.1014201641082764 1.3387523889541626
Iteracion 13_12 2.1356136798858643 1.0881496667861938 2.107808828353882 1.097255825996399 2.0843656063079834 1.108276605606079 2.0731332302093506 1.1256197690963745 2.0656344890594482 1.1450002193450928 2.082005500793457 1.177942156791687 2.1798620223999023 1.2585437297821045 2.140789747238159 1.2610214948654175 2.1173439025878906 1.2722283601760864 2.100830078125 1.2873903512954712 2.093050718307495 1.3078830242156982 2.102436065673828 1.3393995761871338
Iteracion 14_11 2.1560516357421875 1.098563551902771 2.1312053203582764 1.1094354391098022 2.1134421825408936 1.1237372159957886 2.113689661026001 1.1476399898529053 2.126633405685425 1.1788125038146973 2.1387557983398438 1.2598233222961426 2.0904147624969482 1.2560478448867798 2.06888747215271 1.2678158283233643 2.0515575408935547 1.2819551229476929 2.051922082901001 1.3072185516357422 2.095320224761963 1.3607168197631836
Iteracion 15_11 2.2238872051239014 1.1576825380325317 2.195610761642456 1.1674268245697021 2.177420139312744 1.1822428703308105 2.173872470855713 1.2049975395202637 2.1703619956970215 1.2279318571090698 2.0440261363983154 1.1801190376281738 2.026534080505371 1.193719744682312 2.0097150802612305 1.2075588703155518 2.006486177444458 1.2295762300491333 2.0032334327697754 1.2517591714859009 2.010904312133789 1.2810873985290527
Iteracion 16_8 2.218526840209961 1.2045619487762451 2.061058521270752 1.1424634456634521 2.0343422889709473 1.1509755849838257 2.0215485095977783 1.1671415567398071 2.008786916732788 1.1832658052444458 2.002882719039917 1.2034533023834229 2.0010876655578613 1.22626793384552 2.008518695831299 1.2550615072250366
Iteracion 17_9 2.086919069290161 1.109634518623352 2.0619380474090576 1.119541049003601 2.040170907974243 1.1308854818344116 2.0285918712615967 1.1477221250534058 2.01703143119812 1.1645334959030151 2.0137295722961426 1.1861772537231445 2.017974615097046 1.2125214338302612 2.120723009109497 1.2995805740356445 2.12009859085083 1.3247843980789185
Iteracion 18_10 2.1416258811950684 1.0912132263183594 2.113177537918091 1.1000508069992065 2.095674753189087 1.1142901182174683 2.092789888381958 1.1362923383712769 2.0963876247406006 1.1620467901229858 2.0781614780426025 1.2486852407455444 2.051539421081543 1.2571848630905151 2.034200668334961 1.2711095809936523 2.0310473442077637 1.2939201593399048 2.038465738296509 1.3237950801849365
Iteracion 19_10 2.133803367614746 0.840527355670929 2.1158597469329834 0.854862630367279 2.0984718799591064 0.8692154288291931 2.101536512374878 0.8920493125915527 2.108566999435425 0.9168312549591064 2.096649646759033 1.0000509023666382 2.0619606971740723 1.005685567855835 2.0447707176208496 1.0194849967956543 2.03824520111084 1.0385380983352661 2.0414626598358154 1.0627182722091675
Iteracion 20_11 2.175140380859375 0.856810450553894 2.156552791595459 0.8713036775588989 2.148926019668579 0.8901141285896301 2.149259090423584 0.9123062491416931 2.1598801612854004 0.9391427040100098 2.057953357696533 0.9596395492553711 2.02817702293396 0.9673909544944763 2.020679473876953 0.9855512380599976 2.013146162033081 1.0037174224853516 2.0215277671813965 1.0300198793411255 2.034905195236206 1.0593048334121704
Iteracion 21_12 2.1870172023773193 0.6065136194229126 2.1651179790496826 0.6208376288414001 2.157695770263672 0.6391386985778809 2.156182289123535 0.659211277961731 2.16550874710083 0.6827823519706726 2.1828389167785645 0.7092474699020386 2.0631096363067627 0.7103856801986694 2.035177707672119 0.7206941246986389 2.0279791355133057 0.7381240129470825 2.020686388015747 0.75550377368927 2.029263496398926 0.7789613008499146 2.0386130809783936 0.8030310273170471
Iteracion 22_11 2.22294545173645 0.6374193429946899 2.2033629417419434 0.6526657938957214 2.1927103996276855 0.6703790426254272 2.189739942550659 0.6904222965240479 2.0507936477661133 0.6663433313369751 2.032804489135742 0.6801669597625732 2.0249476432800293 0.6972452402114868 2.0220389366149902 0.7160414457321167 2.019120454788208 0.7348998188972473 2.027280807495117 0.7579690217971802 2.0388128757476807 0.7826266884803772
Iteracion 23_12 2.145667314529419 0.5950462222099304 2.118849039077759 0.6075701713562012 2.099011182785034 0.6217555999755859 2.092052459716797 0.6396048665046692 2.085212230682373 0.657464861869812 2.1053061485290527 0.6840555667877197 2.229896306991577 0.7678148150444031 2.163057327270508 0.7659787535667419 2.137652635574341 0.7780420184135437 2.122424602508545 0.7935420870780945 2.1153597831726074 0.8120105266571045 2.1159493923187256 0.8334946036338806
Iteracion 24_12 2.164151430130005 0.09448892623186111 2.127685546875 0.11150748282670975 2.112212657928467 0.1291884332895279 2.1051816940307617 0.147208571434021 2.106618881225586 0.16579455137252808 2.121837615966797 0.18563678860664368 2.177396535873413 0.26735085248947144 2.145543336868286 0.2824663519859314 2.1359353065490723 0.30018603801727295 2.1290442943573 0.31818777322769165 2.1348276138305664 0.33812347054481506 2.151914358139038 0.3601069152355194
Iteracion 25_12 2.1719448566436768 0.11382701247930527 2.1499907970428467 0.1314990520477295 2.1516671180725098 0.1504591554403305 2.154170036315918 0.16953691840171814 2.171140670776367 0.18995024263858795 2.1980652809143066 0.21164952218532562 2.1462857723236084 0.2635308802127838 2.103121519088745 0.2768813669681549 2.0871238708496094 0.29332607984542847 2.0897369384765625 0.3123132586479187 2.0923635959625244 0.33139780163764954 2.117462158203125 0.35434162616729736
Iteracion 26_13 2.204124689102173 0.13481001555919647 2.196336030960083 0.15358270704746246 2.1885809898376465 0.1722451001405716 2.194244384765625 0.191971555352211 2.2019903659820557 0.21202747523784637 2.217313289642334 0.23304885625839233 2.0804638862609863 0.23703892529010773 2.0655221939086914 0.2536143660545349 2.058436870574951 0.270998477935791 2.058363199234009 0.28928399085998535 2.066032648086548 0.30877065658569336 2.073779344558716 0.3284543752670288 2.1044363975524902 0.35216182470321655
Iteracion 27_10 2.233181953430176 0.17575529217720032 2.216294765472412 0.1939007192850113 2.0672335624694824 0.1990518718957901 2.049109697341919 0.21536998450756073 2.0464425086975098 0.23316268622875214 2.0437772274017334 0.25094443559646606 2.0416347980499268 0.2687864899635315 2.0508410930633545 0.288226842880249 2.0601532459259033 0.30789193511009216 2.106133222579956 0.3335787057876587
Iteracion 28_11 2.1185505390167236 0.11102873086929321 2.094082832336426 0.12807956337928772 2.0872180461883545 0.14595243334770203 2.0804286003112793 0.1637333333492279 2.095475912094116 0.18333043158054352 2.1694865226745605 0.26637962460517883 2.137310266494751 0.28138238191604614 2.11789608001709 0.2976508140563965 2.1109187602996826 0.3154789209365845 2.1073296070098877 0.33376815915107727 2.1239137649536133 0.3554212749004364
Iteracion 29_11 2.144627809524536 0.11239537596702576 2.131237506866455 0.13035203516483307 2.133822202682495 0.1492113173007965 2.13641619682312 0.16813965141773224 2.1624531745910645 0.18919019401073456 2.0973007678985596 0.2575162649154663 2.07731294631958 0.27348360419273376 2.0695552825927734 0.2908569574356079 2.0720114707946777 0.30966413021087646 2.078253984451294 0.3291630744934082 2.1073803901672363 0.35265451669692993
Iteracion 30_12 2.171436309814453 -0.15184153616428375 2.1459884643554688 -0.131254181265831 2.140906572341919 -0.1122003048658371 2.1434552669525146 -0.09358521550893784 2.152608871459961 -0.07517078518867493 2.17546010017395 -0.05696640536189079 2.0930280685424805 0.018265558406710625 2.077585458755493 0.03626442700624466 2.0799601078033447 0.054465703666210175 2.082341432571411 0.07271704822778702 2.102074384689331 0.09177857637405396 2.141829490661621 0.1122487336397171
Iteracion 31_13 2.2024857997894287 -0.13470973074436188 2.194336414337158 -0.11500042676925659 2.1863505840301514 -0.09545807540416718 2.1923437118530273 -0.07655836641788483 2.1997861862182617 -0.057603396475315094 2.1115214824676514 -0.03685673698782921 2.065129280090332 -0.018022041767835617 2.0576319694519043 2.852296709932034e-08 2.0554449558258057 0.017937585711479187 2.0624072551727295 0.03599948436021805 2.0694189071655273 0.05418967455625534 2.0871613025665283 0.07288535684347153 2.114877223968506 0.09233755618333817
Iteracion 32_9 2.24470591545105 -0.09800593554973602 2.0762016773223877 -0.07250256836414337 2.058885335922241 -0.05391378700733185 2.056047201156616 -0.03588840365409851 2.0532166957855225 -0.01791807822883129 2.0538785457611084 3.572828077835766e-08 2.062236785888672 0.017996860668063164 2.070664882659912 0.036143627017736435 2.100370407104492 0.055000171065330505
Iteracion 33_10 2.094348430633545 -0.10976030677556992 2.0789902210235596 -0.09077062457799911 2.067047595977783 -0.07218291610479355 2.0654327869415283 -0.05408523976802826 2.06382155418396 -0.03602411970496178 2.0648396015167236 -0.01801951602101326 2.0792019367218018 2.4538746146163248e-08 2.2218711376190186 0.019389960914850235 2.2202672958374023 0.03875494748353958 2.233576536178589 0.05848829448223114
Iteracion 34_12 2.1165194511413574 -0.12945178151130676 2.1030850410461426 -0.11021814495325089 2.0897433757781982 -0.09124013036489487 2.086918592453003 -0.07287681847810745 2.0896503925323486 -0.054719388484954834 2.100374937057495 -0.03666214644908905 2.229445457458496 2.9300636583684536e-08 2.210390329360962 0.019289759919047356 2.1971704959869385 0.038351792842149734 2.1916494369506836 0.05739039555191994 2.194669485092163 0.07663962990045547 2.2046124935150146 0.09625547379255295
Iteracion 35_11 2.144650459289551 -0.37815967202186584 2.1365466117858887 -0.357535183429718 2.1286473274230957 -0.33714455366134644 2.1413044929504395 -0.32002004981040955 2.1544368267059326 -0.3027862310409546 2.2158374786376953 -0.23289373517036438 2.168490409851074 -0.208801731467247 2.1609036922454834 -0.18905459344387054 2.153353214263916 -0.1694725602865219 2.1662254333496094 -0.15147709846496582 2.1802451610565186 -0.13334938883781433
Iteracion 36_13 2.2100110054016113 -0.3896844983100891 2.1785202026367188 -0.364559143781662 2.17940354347229 -0.34518352150917053 2.18186616897583 -0.3260820209980011 2.1950488090515137 -0.30849379301071167 2.2157764434814453 -0.29171261191368103 2.2745792865753174 -0.2792832851409912 2.1381189823150635 -0.2247251570224762 2.1144378185272217 -0.2035970389842987 2.1168880462646484 -0.1852037012577057 2.1193788051605225 -0.16679872572422028 2.134650707244873 -0.14926917850971222 2.156399726867676 -0.1318909376859665
Iteracion 37_14 2.214254140853882 -0.6349270939826965 2.1872658729553223 -0.6065824627876282 2.1898155212402344 -0.5867593288421631 2.1930556297302246 -0.5671625733375549 2.212217092514038 -0.5515677332878113 2.2317023277282715 -0.5357841849327087 2.2881293296813965 -0.5282561182975769 2.1508827209472656 -0.47683942317962646 2.1239748001098633 -0.45146483182907104 2.1265170574188232 -0.4326447546482086 2.129055976867676 -0.41384658217430115 2.145311117172241 -0.39760977029800415 2.1651244163513184 -0.38176974654197693 2.220028877258301 -0.37150534987449646
Iteracion 38_10 2.2371034622192383 -0.5994300246238708 2.227323532104492 -0.5760250091552734 2.230118751525879 -0.5560311675071716 2.1087911128997803 -0.5062758922576904 2.099848985671997 -0.48478829860687256 2.0921170711517334 -0.46381139755249023 2.099012851715088 -0.4461590647697449 2.1059281826019287 -0.4284558892250061 2.114762306213379 -0.4110681712627411 2.1364848613739014 -0.39597389101982117
Iteracion 39_8 2.1017258167266846 -0.5435431003570557 2.0848984718322754 -0.5198236107826233 2.0818443298339844 -0.4998065233230591 2.0788025856018066 -0.4799293279647827 2.0852224826812744 -0.46228286623954773 2.093370199203491 -0.4449596703052521 2.101625919342041 -0.42758050560951233 2.133610486984253 -0.41473186016082764
Iteracion 40_9 2.1041970252990723 -1.0262854099273682 2.1004652976989746 -1.0018705129623413 2.0967180728912354 -0.9777156710624695 2.104530096054077 -0.9590897560119629 2.113117218017578 -0.9408204555511475 2.125389575958252 -0.9241456985473633 2.1524598598480225 -0.9136649370193481 2.2911622524261475 -0.9490303993225098 2.3203935623168945 -0.9374996423721313
Iteracion 41_12 2.1284449100494385 -1.0844969749450684 2.099623441696167 -1.0468332767486572 2.097609281539917 -1.023072361946106 2.095616102218628 -0.9995577335357666 2.1049845218658447 -0.981570303440094 2.1180977821350098 -0.9652727246284485 2.165090560913086 -0.9639602899551392 2.25685977935791 -0.9813105463981628 2.254648447036743 -0.9570413827896118 2.252457857131958 -0.9329983592033386 2.2649478912353516 -0.9150980114936829 2.2788121700286865 -0.8976477384567261
Iteracion 42_10 2.117708683013916 -1.079026460647583 2.1100330352783203 -1.0520234107971191 2.113328218460083 -1.0307388305664062 2.127784490585327 -1.0149011611938477 2.1536359786987305 -1.0042569637298584 2.2431881427764893 -0.975365936756134 2.2198214530944824 -0.9422581195831299 2.214855432510376 -0.917422890663147 2.218013048171997 -0.8961350917816162 2.2358269691467285 -0.8807154893875122
Iteracion 43_10 2.1442227363586426 -1.0925363302230835 2.1457231044769287 -1.069818139076233 2.158757448196411 -1.05289626121521 2.181886672973633 -1.0407066345214844 2.2193777561187744 -1.0349128246307373 2.176567316055298 -0.9463983178138733 2.165872812271118 -0.9193584322929382 2.1720736026763916 -0.8997021317481995 2.1849427223205566 -0.8827739357948303 2.213510513305664 -0.8719247579574585
Iteracion 44_12 2.1893768310546875 -1.1155433654785156 2.192373514175415 -1.0930770635604858 2.1974847316741943 -1.0717848539352417 2.215961456298828 -1.0569595098495483 2.2345948219299316 -1.0420087575912476 2.1476051807403564 -0.9787200689315796 2.128124237060547 -0.947502076625824 2.130791425704956 -0.9264944791793823 2.1415250301361084 -0.9090235233306885 2.1594386100769043 -0.8944686055183411 2.1814568042755127 -0.8813654780387878 2.2268922328948975 -0.8771960735321045
Iteracion 45_9 2.2501916885375977 -1.1219040155410767 2.237584114074707 -1.091342568397522 2.113513946533203 -1.0080944299697876 2.1030001640319824 -0.9806450009346008 2.11018705368042 -0.9616677761077881 2.1174135208129883 -0.9427334070205688 2.1288156509399414 -0.9256353974342346 2.148267984390259 -0.9118854999542236 2.1688318252563477 -0.8983592987060547
Iteracion 46_9 2.1095845699310303 -1.0517998933792114 2.105560302734375 -1.0269503593444824 2.1016180515289307 -1.002420425415039 2.1085095405578613 -0.9832140803337097 2.117003917694092 -0.9647743701934814 2.1277554035186768 -0.9473377466201782 2.154421806335449 -0.9367693066596985 2.292185068130493 -0.9729747176170349 2.321065664291382 -0.9614167213439941
Iteracion 47_12 2.13043475151062 -1.0855108499526978 2.1163675785064697 -1.055181860923767 2.1141440868377686 -1.0311368703842163 2.116485357284546 -1.009511947631836 2.129542112350464 -0.9930218458175659 2.151649236679077 -0.9805631637573242 2.282846450805664 -1.0163887739181519 2.2731244564056396 -0.9883826971054077 2.2710251808166504 -0.9639930129051208 2.2765395641326904 -0.9429733753204346 2.2905869483947754 -0.9254569411277771 2.3383448123931885 -0.9210982918739319
Iteracion 48_10 2.1463537216186523 -1.093622088432312 2.137382984161377 -1.065659761428833 2.1405680179595947 -1.0440247058868408 2.1555566787719727 -1.0281480550765991 2.1814687252044678 -1.0172357559204102 2.2693798542022705 -0.9867545962333679 2.2461040019989014 -0.9534144401550293 2.2426414489746094 -0.9289324283599854 2.2459471225738525 -0.9074212312698364 2.2655303478240967 -0.8924160003662109
Iteracion 49_10 2.183936834335327 -1.1127716302871704 2.172121047973633 -1.0829795598983765 2.1829817295074463 -1.064711332321167 2.1960573196411133 -1.0474658012390137 2.2287938594818115 -1.0393036603927612 2.204345226287842 -0.9356890320777893 2.1967339515686035 -0.9099168181419373 2.2098543643951416 -0.8928388953208923 2.2241268157958984 -0.8761067390441895 2.2656166553497314 -0.8696886897087097
Iteracion 50_9 2.184893846511841 -1.3389043807983398 2.191359519958496 -1.3167016506195068 2.2049264907836914 -1.2988007068634033 2.233795642852783 -1.2896826267242432 2.3053863048553467 -1.3043248653411865 2.2107629776000977 -1.1754834651947021 2.2127578258514404 -1.1518890857696533 2.226245403289795 -1.1343287229537964 2.2521579265594482 -1.1228843927383423
Iteracion 51_10 2.187333106994629 -1.3403993844985962 2.192030191421509 -1.317104458808899 2.2055935859680176 -1.2991935014724731 2.233097553253174 -1.2892794609069824 2.2913296222686768 -1.2963716983795166 2.213012456893921 -1.176679253578186 2.2134010791778564 -1.1522237062454224 2.226884126663208 -1.13465416431427 2.2513277530670166 -1.1224702596664429 2.291611433029175 -1.1176934242248535
Iteracion 52_10 2.189215660095215 -1.3415528535842896 2.1927452087402344 -1.3175342082977295 2.2063097953796387 -1.299615740776062 2.2329320907592773 -1.2891839742660522 2.2825613021850586 -1.2914111614227295 2.2147634029388428 -1.1776102781295776 2.214120864868164 -1.15259850025177 2.2276058197021484 -1.1350219249725342 2.2511184215545654 -1.1223660707473755 2.289018392562866 -1.1164287328720093
Iteracion 53_10 2.234638214111328 -1.3427059650421143 2.2377092838287354 -1.318111538887024 2.251370429992676 -1.299829363822937 2.270232915878296 -1.2844358682632446 2.19045352935791 -1.2141883373260498 2.1719560623168945 -1.1792757511138916 2.174954891204834 -1.1564440727233887 2.190829038619995 -1.1404736042022705 2.209223747253418 -1.125656008720398 2.23874831199646 -1.1161985397338867
Iteracion 54_8 2.2857015132904053 -1.3463808298110962 2.1523423194885254 -1.2426550388336182 2.138840913772583 -1.2100979089736938 2.145198106765747 -1.1891027688980103 2.1529786586761475 -1.1689722537994385 2.164916515350342 -1.1511064767837524 2.1846766471862793 -1.1372706890106201 2.2080442905426025 -1.1250550746917725
Iteracion 55_7 2.1594858169555664 -1.4841734170913696 2.1509437561035156 -1.4508296251296997 2.1592977046966553 -1.4292078018188477 2.1675970554351807 -1.4076539278030396 2.1864123344421387 -1.3928982019424438 2.206540822982788 -1.3787996768951416 2.2512247562408447 -1.3795523643493652
Iteracion 56_7 2.16174578666687 -1.4857265949249268 2.1518967151641846 -1.4514724016189575 2.1602492332458496 -1.429837703704834 2.168569326400757 -1.4082852602005005 2.186750650405884 -1.3931139707565308 2.2068769931793213 -1.37900972366333 2.249619245529175 -1.3785686492919922
Iteracion 57_8 2.1413094997406006 -1.4993609189987183 2.136824607849121 -1.46859872341156 2.146493911743164 -1.4478284120559692 2.156136989593506 -1.427115797996521 2.1757214069366455 -1.4129297733306885 2.20182204246521 -1.4027152061462402 2.3232808113098145 -1.4517467021942139 2.3437652587890625 -1.4362614154815674
Iteracion 58_11 2.1657891273498535 -1.5735379457473755 2.138681411743164 -1.5255064964294434 2.1360437870025635 -1.495673656463623 2.1452152729034424 -1.4743655920028687 2.1594367027282715 -1.4565585851669312 2.1998322010040283 -1.4560368061065674 2.3200905323028564 -1.5066843032836914 2.2958858013153076 -1.462640643119812 2.2930638790130615 -1.4328651428222656 2.3021957874298096 -1.4107874631881714 2.3169009685516357 -1.3921345472335815
Iteracion 59_12 2.1708638668060303 -1.577224850654602 2.140376091003418 -1.526715636253357 2.1377246379852295 -1.496850848197937 2.1458399295806885 -1.474794864654541 2.1600594520568848 -1.456978678703308 2.1981542110443115 -1.454926609992981 2.3246231079101562 -1.5096279382705688 2.297560453414917 -1.463707447052002 2.2947256565093994 -1.4339035749435425 2.3028087615966797 -1.4111628532409668 2.3175101280212402 -1.3925005197525024 2.3643927574157715 -1.3927335739135742
Iteracion 60_12 2.1724040508270264 -1.5783439874649048 2.1413137912750244 -1.5273844003677368 2.1386666297912598 -1.497510552406311 2.1465957164764404 -1.4753144979476929 2.160823106765747 -1.4574934244155884 2.1985504627227783 -1.4551889896392822 2.325953245162964 -1.5104917287826538 2.29849910736084 -1.4643056392669678 2.2956674098968506 -1.4344918727874756 2.3036141395568848 -1.4116564989089966 2.3183233737945557 -1.3929892778396606 2.3649446964263916 -1.3930586576461792
Iteracion 61_12 2.1772894859313965 -1.5818935632705688 2.143009662628174 -1.5285940170288086 2.1403496265411377 -1.498688817024231 2.147287368774414 -1.4757896661758423 2.161513090133667 -1.4579588174819946 2.1970858573913574 -1.4542196989059448 2.3303096294403076 -1.513320803642273 2.300178289413452 -1.465375304222107 2.2973344326019287 -1.4355335235595703 2.3043010234832764 -1.41207754611969 2.3190090656280518 -1.3934013843536377 2.3631882667541504 -1.392024040222168
Iteracion 62_10 2.1617226600646973 -1.5705833435058594 2.1553421020507812 -1.5373903512954712 2.1596384048461914 -1.5121948719024658 2.184839963912964 -1.501598834991455 2.2374815940856934 -1.509200096130371 2.2742764949798584 -1.44887375831604 2.258303165435791 -1.4111441373825073 2.261914014816284 -1.386102557182312 2.282092809677124 -1.3712196350097656 2.3239688873291016 -1.3689219951629639
Iteracion 63_9 2.181042432785034 -1.8301115036010742 2.167001247406006 -1.7863380908966064 2.173370599746704 -1.759960412979126 2.199087381362915 -1.7492327690124512 2.250779628753662 -1.7585017681121826 2.2768044471740723 -1.6847467422485352 2.2713088989257812 -1.6502023935317993 2.279456615447998 -1.6259204149246216 2.305976629257202 -1.6146620512008667
Iteracion 64_9 2.184191942214966 -1.832754373550415 2.167987823486328 -1.7871513366699219 2.1736197471618652 -1.760162591934204 2.199308156967163 -1.7494086027145386 2.249148368835449 -1.7572270631790161 2.2795140743255615 -1.6867517232894897 2.2722973823547363 -1.6509207487106323 2.2796857357025146 -1.6260839700698853 2.3062047958374023 -1.6148215532302856
Iteracion 65_10 2.2094099521636963 -1.8539153337478638 2.200333833694458 -1.8138152360916138 2.2154343128204346 -1.7940232753753662 2.239393472671509 -1.7812938690185547 2.273118019104004 -1.7759544849395752 2.2304744720458984 -1.6807829141616821 2.224233388900757 -1.6458462476730347 2.238760232925415 -1.6265546083450317 2.2623116970062256 -1.6136910915374756 2.2965433597564697 -1.608056664466858
Iteracion 66_10 2.212510824203491 -1.8565168380737305 2.201031446456909 -1.8143904209136963 2.216129779815674 -1.7945863008499146 2.2388298511505127 -1.7808456420898438 2.2725305557250977 -1.7754955291748047 2.2333662509918213 -1.6829617023468018 2.2249205112457275 -1.6463545560836792 2.239445209503174 -1.6270520687103271 2.2616803646087646 -1.6132409572601318 2.295886516571045 -1.60759699344635
Iteracion 67_11 2.155133008956909 -0.36064550280570984 2.147082567214966 -0.3400644063949585 2.1394009590148926 -0.3197355568408966 2.152406692504883 -0.30250099301338196 2.1656601428985596 -0.28511467576026917 2.221517324447632 -0.2139076292514801 2.177427053451538 -0.1905001848936081 2.169497489929199 -0.1707431524991989 2.1634984016418457 -0.15128640830516815 2.177135705947876 -0.13315922021865845 2.1978704929351807 -0.11518565565347672
Iteracion 68_11 2.1562182903289795 -0.36082711815834045 2.1481847763061523 -0.3402389883995056 2.140155553817749 -0.31984832882881165 2.153142213821411 -0.3026043176651001 2.1663966178894043 -0.2852116823196411 2.2232635021209717 -0.21407577395439148 2.1784846782684326 -0.1905927062034607 2.1705482006073 -0.17082583904266357 2.1642558574676514 -0.1513393670320511 2.1778950691223145 -0.13320568203926086 2.1976563930511475 -0.11517447978258133
Iteracion 69_11 2.157431125640869 -0.3610300123691559 2.1494061946868896 -0.34043240547180176 2.141362428665161 -0.3200286328792572 2.1540777683258057 -0.30273574590682983 2.167336940765381 -0.2853354215621948 2.2249257564544678 -0.2142358422279358 2.1796622276306152 -0.19069576263427734 2.1717209815979004 -0.17091810703277588 2.165231943130493 -0.1514076441526413 2.178875684738159 -0.1332656443119049 2.1980810165405273 -0.11519668251276016
Iteracion 70_12 2.20348858833313 -0.3687373995780945 2.1930441856384277 -0.34734392166137695 2.195507526397705 -0.32812073826789856 2.2033565044403076 -0.3096613883972168 2.2241358757019043 -0.29281318187713623 2.261251926422119 -0.27764692902565 2.1584696769714355 -0.22686408460140228 2.1308279037475586 -0.2051752358675003 2.1300535202026367 -0.18635547161102295 2.132310628890991 -0.16781648993492126 2.143244981765747 -0.1498701423406601 2.164536714553833 -0.1323886513710022
Iteracion 71_13 2.2058558464050293 -0.36913368105888367 2.194108486175537 -0.3475126326084137 2.196568250656128 -0.3282792568206787 2.2037453651428223 -0.309716135263443 2.2245185375213623 -0.2928635776042938 2.259037971496582 -0.27737516164779663 2.160571575164795 -0.22708503901958466 2.1328837871551514 -0.20537325739860535 2.1310882568359375 -0.18644607067108154 2.133340358734131 -0.1678975522518158 2.1436476707458496 -0.14989830553531647 2.164931297302246 -0.13241280615329742 2.232149124145508 -0.11698213964700699
Iteracion 72_13 1.9588903188705444 0.10266128182411194 1.939024806022644 0.11859580874443054 1.924432396888733 0.13456936180591583 1.9266152381896973 0.15162797272205353 1.9288067817687988 0.16874878108501434 1.9444717168807983 0.18723125755786896 1.968751311302185 0.20692399144172668 1.8878377676010132 0.2653181850910187 1.8698241710662842 0.279447078704834 1.8613721132278442 0.2948123812675476 1.8634417057037354 0.3118331730365753 1.8655046224594116 0.3289387822151184 1.8875676393508911 0.3498399257659912
Iteracion 73_12 1.940468192100525 0.11868409812450409 1.9254225492477417 0.13463859260082245 1.9276031255722046 0.15170571208000183 1.9297914505004883 0.16883492469787598 1.9450541734695435 0.1872873455286026 1.9693273305892944 0.2069845199584961 1.8891173601150513 0.2654980719089508 1.8710843324661255 0.27963539958000183 1.8623390197753906 0.2949655055999756 1.8644050359725952 0.31199437379837036 1.8664777278900146 0.32911038398742676 1.8882274627685547 0.34996217489242554
Iteracion 74_12 1.9416770935058594 0.11875803023576736 1.9263273477554321 0.13470186293125153 1.9285050630569458 0.15177668631076813 1.930691123008728 0.16891364753246307 1.9456950426101685 0.18734903633594513 1.969965934753418 0.20705164968967438 1.8901941776275635 0.2656494081020355 1.8721455335617065 0.27979403734207153 1.8632264137268066 0.29510605335235596 1.8652898073196411 0.3121424615383148 1.8673632144927979 0.3292664885520935 1.8889213800430298 0.3500908315181732
