Iteracion 0_14 1.8954085111618042 -0.08275528252124786 1.8648601770401 -0.06512237340211868 1.8551816940307617 -0.0485796220600605 1.850925087928772 -0.03230799734592438 1.8596432209014893 -0.01622878946363926 1.8684420585632324 2.987806269061366e-08 1.9129559993743896 0.01669410429894924 1.9051350355148315 0.0831800177693367 1.8669260740280151 0.09784163534641266 1.857825756072998 0.11362946778535843 1.8488030433654785 0.12928085029125214 1.8538212776184082 0.1458989530801773 1.8632429838180542 0.16301271319389343 1.902954339981079 0.1832335889339447
Iteracion 1_14 1.8966052532196045 -0.08280753344297409 1.865221381187439 -0.06513497233390808 1.855538249015808 -0.04858895018696785 1.8510246276855469 -0.032309725880622864 1.8597402572631836 -0.01622963696718216 1.8685368299484253 3.177425611511353e-08 1.9124670028686523 0.016689835116267204 1.9059759378433228 0.08321672677993774 1.8672423362731934 0.09785819798707962 1.858137845993042 0.11364854872226715 1.8491116762161255 0.12930242717266083 1.853906273841858 0.14590564370155334 1.8633257150650024 0.16301994025707245 1.9022399187088013 0.1831647902727127
Iteracion 2_14 1.897422432899475 -0.08284319937229156 1.8655076026916504 -0.06514497101306915 1.855821132659912 -0.04859636723995209 1.8511461019515991 -0.03231184557080269 1.8598605394363403 -0.016230689361691475 1.8686566352844238 2.916891261861565e-08 1.912197232246399 0.016687480732798576 1.9065678119659424 0.08324257284402847 1.8675053119659424 0.09787197411060333 1.858397126197815 0.113664411008358 1.8493684530258179 0.12932038307189941 1.8540135622024536 0.14591407775878906 1.8634310960769653 0.16302916407585144 1.901816964149475 0.18312406539916992
Iteracion 3_14 1.8979302644729614 -0.08286537975072861 1.86575448513031 -0.06515359878540039 1.856066107749939 -0.04860277473926544 1.8513143062591553 -0.032314788550138474 1.8600287437438965 -0.01623215712606907 1.8688243627548218 2.990955039194887e-08 1.91219162940979 0.016687432304024696 1.9069362878799438 0.08325865864753723 1.8677343130111694 0.09788398444652557 1.85862398147583 0.11367828398942947 1.849592924118042 0.12933608889579773 1.8541803359985352 0.14592719078063965 1.8635977506637573 0.16304373741149902 1.9017878770828247 0.18312126398086548
Iteracion 4_14 1.933612585067749 -0.08442330360412598 1.8816953897476196 -0.06571026146411896 1.8674179315567017 -0.04890004172921181 1.8694298267364502 -0.03263099491596222 1.87485933303833 -0.016361581161618233 1.8850736618041992 3.4109380209201845e-08 1.9166940450668335 0.016726724803447723 1.8949408531188965 0.08273492753505707 1.8537588119506836 0.09715157002210617 1.840817928314209 0.11258923262357712 1.836269497871399 0.1284044235944748 1.8419133424758911 0.14496177434921265 1.8475992679595947 0.16164404153823853 1.8821518421173096 0.1812305450439453
Iteracion 5_13 1.8990527391433716 -0.0663163959980011 1.8827896118164062 -0.04930255934596062 1.8852273225784302 -0.03290674090385437 1.887670636177063 -0.016473377123475075 1.8988147974014282 3.211001597946961e-08 1.920356273651123 0.016758687794208527 1.8531979322433472 0.08091238886117935 1.835032343864441 0.09617014974355698 1.82333505153656 0.11151992529630661 1.8258419036865234 0.12767523527145386 1.82835853099823 0.1438949853181839 1.8426862955093384 0.1612142026424408 1.866839051246643 0.17975609004497528
Iteracion 6_15 1.9267820119857788 -0.050454530864953995 1.9217604398727417 -0.03354443237185478 1.9167661666870117 -0.016727296635508537 1.9211444854736328 2.943411381295391e-08 1.9297666549682617 0.016840806230902672 1.938468337059021 0.03383612632751465 1.9652290344238281 0.051461365073919296 1.8096250295639038 0.06319357454776764 1.8024753332138062 0.0786978006362915 1.7979693412780762 0.09422776103019714 1.7956008911132812 0.10982362926006317 1.804094672203064 0.12615454196929932 1.8126792907714844 0.142660990357399 1.8256577253341675 0.1597244143486023 1.8613590002059937 0.17922841012477875
Iteracion 7_15 1.926906704902649 -0.050457797944545746 1.921885371208191 -0.03354661539196968 1.916892170906067 -0.016728391870856285 1.9213439226150513 2.798060094733046e-08 1.9299678802490234 0.016842562705278397 1.9386707544326782 0.03383966162800789 1.965561866760254 0.0514700785279274 1.8094770908355713 0.06318841129541397 1.8026059865951538 0.07870350033044815 1.7980997562408447 0.09423460066318512 1.7958109378814697 0.10983648896217346 1.8043066263198853 0.126169353723526 1.8128926753997803 0.14267778396606445 1.8260396718978882 0.1597578376531601 1.8617515563964844 0.17926622927188873
Iteracion 8_10 1.9874829053878784 -0.017344430088996887 1.8118343353271484 3.040197782411269e-08 1.7885469198226929 0.015608402900397778 1.7819068431854248 0.031103335320949554 1.7784717082977295 0.046570952981710434 1.775048017501831 0.06198611110448837 1.7746381759643555 0.07748239487409592 1.7808306217193604 0.09332955628633499 1.787071943283081 0.10930197685956955 1.7962113618850708 0.12560327351093292
Iteracion 9_13 1.8245927095413208 -0.047778625041246414 1.806849479675293 -0.03153865411877632 1.7894537448883057 -0.015616259537637234 1.7819246053695679 2.8691042430750713e-08 1.7781490087509155 0.015517662279307842 1.7743885517120361 0.030972102656960487 1.7738741636276245 0.04645056277513504 1.7830026149749756 0.06226389855146408 1.7922300100326538 0.0782504752278328 1.9240853786468506 0.10083723068237305 1.9199386835098267 0.11742845177650452 1.9204621315002441 0.13429173827171326 1.930497407913208 0.151933491230011
Iteracion 10_16 1.8464316129684448 -0.06447883695363998 1.8110805749893188 -0.0474247932434082 1.8004143238067627 -0.0314263254404068 1.7898763418197632 -0.015619941987097263 1.7834956645965576 2.9676410662204944e-08 1.7862398624420166 0.015588270500302315 1.7889922857284546 0.03122701123356819 1.809952735900879 0.047395315021276474 1.9497218132019043 0.06808586418628693 1.9184445142745972 0.08376111835241318 1.9074950218200684 0.09996776282787323 1.8966609239578247 0.11600472033023834 1.8910934925079346 0.13223806023597717 1.8939435482025146 0.14905662834644318 1.8968069553375244 0.16594916582107544 1.939214825630188 0.18672509491443634
Iteracion 11_13 1.8864959478378296 -0.08236613869667053 1.8659690618515015 -0.0651610866189003 1.8619481325149536 -0.04875679686665535 1.8644559383392334 -0.03254416212439537 1.8669699430465698 -0.01629272662103176 1.8876599073410034 3.077395405171046e-08 1.9093396663665771 0.016662543639540672 1.8224657773971558 0.07957059890031815 1.8043488264083862 0.09456208348274231 1.8026435375213623 0.11025436967611313 1.8050099611282349 0.1262185275554657 1.8073582649230957 0.1422422081232071 1.8302258253097534 0.1601240634918213
Iteracion 12_13 1.886681318283081 -0.08237424492835999 1.8661527633666992 -0.06516750901937485 1.8621206283569336 -0.04876131936907768 1.8646286725997925 -0.03254719823598862 1.8671432733535767 -0.016294240951538086 1.887831449508667 2.895107087397264e-08 1.909513235092163 0.016664057970046997 1.8226335048675537 0.07957792282104492 1.8045148849487305 0.09457079321146011 1.8028184175491333 0.11026507616043091 1.8051849603652954 0.12623076140880585 1.8075371980667114 0.14225630462169647 1.830403208732605 0.16013959050178528
Iteracion 13_16 1.9377111196517944 -0.08460225909948349 1.9003849029541016 -0.06636291742324829 1.8970776796340942 -0.04967670142650604 1.8937833309173584 -0.03305608406662941 1.8994532823562622 -0.01657620631158352 1.9099942445755005 2.9963555192580316e-08 1.920652985572815 0.01676127314567566 1.9553354978561401 0.03413054347038269 1.8168461322784424 0.047575823962688446 1.790353775024414 0.06252060830593109 1.7871778011322021 0.07802988588809967 1.784010648727417 0.09349620342254639 1.7877190113067627 0.10934155434370041 1.7979984283447266 0.12572823464870453 1.8084088563919067 0.14232490956783295 1.8416574001312256 0.16112419962882996
Iteracion 14_14 1.9322028160095215 -0.06747402250766754 1.9237815141677856 -0.05037597566843033 1.9154374599456787 -0.03343406319618225 1.9175924062728882 -0.01673450507223606 1.922850489616394 2.994829273461619e-08 1.9281381368637085 0.01682659424841404 1.7911888360977173 0.03126535192131996 1.7834641933441162 0.04670168459415436 1.7758022546768188 0.062012456357479095 1.7775558233261108 0.07760978490114212 1.782413125038147 0.09341248124837875 1.7873016595840454 0.10931603610515594 1.7990138530731201 0.1257992386817932 1.8205580711364746 0.14328107237815857
Iteracion 15_12 1.9562067985534668 -0.051225051283836365 1.9410052299499512 -0.03388035297393799 1.9348361492156982 -0.016884980723261833 1.8011205196380615 2.8628713621969837e-08 1.7872753143310547 0.015597306191921234 1.7749392986297607 0.03098171576857567 1.775478720664978 0.046492576599121094 1.776039958000183 0.06202076002955437 1.776602864265442 0.0775681734085083 1.7831207513809204 0.09344957768917084 1.7949590682983398 0.10978437960147858 1.806969404220581 0.12635554373264313
Iteracion 16_11 2.0964369773864746 0.2574102580547333 2.0818281173706055 0.27407801151275635 2.0809919834136963 0.2924642562866211 2.08178448677063 0.3111247420310974 1.9421817064285278 0.307611346244812 1.9287335872650146 0.3227593004703522 1.9210090637207031 0.3387257158756256 1.9216388463974 0.3561546802520752 1.9222710132598877 0.3736516535282135 1.9262701272964478 0.39190399646759033 1.9412930011749268 0.4126346707344055
Iteracion 17_17 1.6753597259521484 0.41771411895751953 1.624014973640442 0.41999873518943787 1.6132570505142212 0.43227091431617737 1.603023886680603 0.44455787539482117 1.6036728620529175 0.4598456919193268 1.6043251752853394 0.4752228260040283 1.6049813032150269 0.4906921982765198 1.4843840599060059 0.46802452206611633 1.4647265672683716 0.47591859102249146 1.4550257921218872 0.48684489727020264 1.445397138595581 0.4976901412010193 1.4437288045883179 0.5112511515617371 1.4442492723464966 0.5256637930870056 1.4447733163833618 0.5401785373687744 1.4453009366989136 0.5547990798950195 1.4597482681274414 0.5750100016593933 1.4748778343200684 0.5958890318870544
Iteracion 18_15 1.8138213157653809 0.8651485443115234 1.7916358709335327 0.8738393187522888 1.7797771692276 0.8873640894889832 1.7718265056610107 0.9027910232543945 1.7726726531982422 0.9227952361106873 1.7735260725021362 0.9430004954338074 1.7870539426803589 0.970291256904602 1.6651127338409424 0.9229872226715088 1.6359984874725342 0.9256035089492798 1.624879240989685 0.9381242990493774 1.6137984991073608 0.9506000280380249 1.6125173568725586 0.9688981771469116 1.613224983215332 0.9885854721069336 1.614654302597046 1.0089480876922607 1.6412689685821533 1.04560387134552
Iteracion 19_12 2.255720853805542 1.2503666877746582 2.2136266231536865 1.2524099349975586 2.19870662689209 1.2694236040115356 2.191744565963745 1.2910360097885132 2.192866325378418 1.317607045173645 2.207583427429199 1.352808952331543 2.088245153427124 1.3048802614212036 2.0540902614593506 1.308599829673767 2.0398151874542236 1.3246713876724243 2.0320887565612793 1.3450103998184204 2.0330324172973633 1.3712974786758423 2.0459513664245605 1.406143307685852
Iteracion 20_7 2.199899911880493 1.9463071823120117 2.1738827228546143 1.9573726654052734 2.1570475101470947 1.976569652557373 2.1575796604156494 2.011975049972534 2.036710262298584 2.001469135284424 2.0139429569244385 2.0139427185058594 1.9973845481872559 2.03255295753479
Iteracion 21_6 2.236168384552002 2.049070358276367 2.2016303539276123 2.053053379058838 2.1842942237854004 2.07281756401062 2.180826425552368 2.1060001850128174 2.2094600200653076 2.1712305545806885 2.0667715072631836 2.103161334991455
Iteracion 22_1 1.7854803800582886 1.8169176578521729
Iteracion 23_11 1.9742827415466309 1.5424784421920776 1.95465886592865 1.554806113243103 1.940271019935608 1.5712007284164429 1.9379490613937378 1.597522258758545 1.9391899108886719 1.627173662185669 1.8449625968933105 1.6038012504577637 1.8063918352127075 1.5981603860855103 1.7924089431762695 1.6138919591903687 1.778400182723999 1.6296035051345825 1.7783732414245605 1.6583598852157593 1.7852026224136353 1.6940938234329224
Iteracion 24_10 2.3382341861724854 1.3499802350997925 2.308250665664673 1.359663724899292 2.2925775051116943 1.3775198459625244 2.290961265563965 1.4039030075073242 2.2921457290649414 1.4322915077209473 2.160156011581421 1.4028218984603882 2.1450693607330322 1.4197906255722046 2.130526065826416 1.4370578527450562 2.131500482559204 1.464939832687378 2.1346869468688965 1.4947240352630615
Iteracion 25_12 2.0692951679229736 1.147029161453247 2.0553810596466064 1.1628788709640503 2.0432262420654297 1.179657220840454 2.0442466735839844 1.2041531801223755 2.045278787612915 1.2289276123046875 2.073240280151367 1.270483374595642 1.9205124378204346 1.2000693082809448 1.9020936489105225 1.211767315864563 1.8888661861419678 1.2266440391540527 1.8840376138687134 1.2470173835754395 1.8848981857299805 1.2713799476623535 1.8968701362609863 1.3036826848983765
Iteracion 26_14 2.019345998764038 0.8990709781646729 1.9708702564239502 0.8981772661209106 1.9578808546066284 0.9129748344421387 1.9472237825393677 0.9287782311439514 1.9481143951416016 0.9501588344573975 1.9490151405334473 0.9717428684234619 1.9637972116470337 1.0006047487258911 1.8207240104675293 0.9478089809417725 1.8059982061386108 0.96026611328125 1.793818712234497 0.9739642143249512 1.7878116369247437 0.991000235080719 1.7885518074035645 1.0119140148162842 1.7892991304397583 1.0330522060394287 1.8117302656173706 1.067190408706665
Iteracion 27_15 1.7323052883148193 0.46416985988616943 1.7208107709884644 0.4772229790687561 1.7094380855560303 0.49017348885536194 1.7039506435394287 0.5047332644462585 1.704633355140686 0.5211588144302368 1.7053194046020508 0.537685215473175 1.7076798677444458 0.5548588633537292 1.5686612129211426 0.5248668789863586 1.558266282081604 0.5365540981292725 1.547946572303772 0.5481565594673157 1.544257402420044 0.5620636940002441 1.5448036193847656 0.5775783658027649 1.5453541278839111 0.5932058095932007 1.5469577312469482 0.6093627214431763 1.5630130767822266 0.6314982175827026
Iteracion 28_11 2.031949520111084 -0.0709572583436966 2.0159947872161865 -0.05279066041111946 2.0126893520355225 -0.03513159602880478 1.8736366033554077 -0.01635090261697769 1.859092354774475 3.127243530798296e-08 1.8528473377227783 0.01616954617202282 1.8534163236618042 0.0323515385389328 1.853985071182251 0.048548344522714615 1.856046438217163 0.06481464207172394 1.868160367012024 0.08156566321849823 1.8804433345794678 0.09855002909898758
Iteracion 29_12 1.3570444583892822 -0.4019748866558075 1.3416969776153564 -0.3847253620624542 1.3336001634597778 -0.36983999609947205 1.3340338468551636 -0.35745328664779663 1.3344663381576538 -0.34511634707450867 1.3348966836929321 -0.3328271210193634 1.3353255987167358 -0.3205832242965698 1.3428336381912231 -0.310017466545105 1.350509524345398 -0.2994008958339691 1.358243703842163 -0.2887036204338074 1.3660377264022827 -0.27792343497276306 1.392533779144287 -0.27068111300468445
Iteracion 30_8 1.9440842866897583 -0.7462639808654785 1.940062403678894 -0.7253594994544983 1.94072687625885 -0.7063667178153992 1.9413872957229614 -0.687481164932251 1.9514575004577637 -0.6719405055046082 1.9625126123428345 -0.6566476225852966 1.9736297130584717 -0.6412710547447205 2.010420083999634 -0.6338829398155212
Iteracion 31_10 1.6388802528381348 -1.19071626663208 1.621767520904541 -1.1567952632904053 1.6224907636642456 -1.1360801458358765 1.6232107877731323 -1.1156017780303955 1.633354902267456 -1.1017117500305176 1.6434354782104492 -1.0877660512924194 1.6535229682922363 -1.073810338973999 1.6749324798583984 -1.0670496225357056 1.8117624521255493 -1.1321147680282593 1.833131194114685 -1.1233444213867188
Iteracion 32_8 1.9557723999023438 -1.7001266479492188 1.956777811050415 -1.67124605178833 1.9652903079986572 -1.649074673652649 1.9784302711486816 -1.6308921575546265 1.993654727935791 -1.6144299507141113 2.022819757461548 -1.6090232133865356 2.1457927227020264 -1.6764767169952393 2.172309637069702 -1.6668716669082642
Iteracion 33_6 1.8574631214141846 -1.8574628829956055 1.8734818696975708 -1.8410651683807373 1.9011613130569458 -1.835930347442627 2.01686954498291 -1.9139370918273926 2.0340325832366943 -1.8967660665512085 2.064080238342285 -1.8913813829421997
Iteracion 34_6 1.8587769269943237 -1.8587769269943237 1.8654423952102661 -1.8331648111343384 1.8821556568145752 -1.8175764083862305 1.8988837003707886 -1.8019728660583496 1.926342248916626 -1.7963430881500244 1.955275058746338 -1.7916796207427979
Iteracion 35_6 1.8880311250686646 -1.888031244277954 1.989713191986084 -1.888167142868042 1.978909969329834 -1.8453631401062012 1.9888988733291626 -1.8224897384643555 2.001943349838257 -1.8025577068328857 2.0362842082977295 -1.8015519380569458
Iteracion 36_6 1.8878527879714966 -1.8878529071807861 1.9902710914611816 -1.888696312904358 1.9794583320617676 -1.8458750247955322 1.9890644550323486 -1.8226417303085327 2.001736640930176 -1.802371621131897 2.036069869995117 -1.8013622760772705
Iteracion 37_10 1.8576146364212036 -1.5042670965194702 1.8530360460281372 -1.4739716053009033 1.8634263277053833 -1.4558682441711426 1.8743191957473755 -1.438215732574463 1.9075020551681519 -1.437406063079834 2.006493330001831 -1.4312177896499634 1.9984378814697266 -1.39932119846344 2.0041401386260986 -1.3774073123931885 2.014619827270508 -1.3588783740997314 2.041613817214966 -1.351314663887024
Iteracion 38_13 1.9197553396224976 -1.042342185974121 1.9018235206604004 -1.0112173557281494 1.8958438634872437 -0.9869138598442078 1.8985533714294434 -0.9673614501953125 1.9078234434127808 -0.9512056112289429 1.9214012622833252 -0.9371300935745239 2.081730365753174 -0.9707269072532654 2.0497140884399414 -0.9341086745262146 2.043588638305664 -0.9098645448684692 2.040334701538086 -0.8871628642082214 2.049952507019043 -0.8701533079147339 2.059589385986328 -0.8531097173690796 2.103302478790283 -0.8497892022132874
Iteracion 39_15 1.7426626682281494 -0.6000468134880066 1.7225956916809082 -0.5763724446296692 1.7181411981582642 -0.5582578778266907 1.7137340307235718 -0.5403382182121277 1.71430242061615 -0.5241147875785828 1.7223057746887207 -0.5101701617240906 1.7303427457809448 -0.4961676597595215 1.7654459476470947 -0.4896014332771301 1.8761378526687622 -0.5027095079421997 1.866450309753418 -0.4826967120170593 1.8617770671844482 -0.4641931653022766 1.8571473360061646 -0.4458615183830261 1.8638370037078857 -0.4303005635738373 1.8724299669265747 -0.4151078760623932 1.8985509872436523 -0.4035494923591614
Iteracion 40_12 2.0480687618255615 -0.10733485221862793 2.027409315109253 -0.08851856738328934 2.014509677886963 -0.07034824788570404 2.0101537704467773 -0.052637696266174316 2.0058186054229736 -0.035011664032936096 2.007498264312744 -0.01751909963786602 2.0175540447235107 3.3606458060830846e-08 2.1593878269195557 0.01884467713534832 2.1546480655670166 0.037609558552503586 2.149928331375122 0.056297894567251205 2.15644907951355 0.07530494779348373 2.1673779487609863 0.09462978690862656
Iteracion 41_12 1.7731624841690063 0.23344139754772186 1.758165717124939 0.2470940202474594 1.7433851957321167 0.2605506181716919 1.73414945602417 0.2746622860431671 1.730477213859558 0.2895825207233429 1.726808786392212 0.30448296666145325 1.7231649160385132 0.3193696141242981 1.7317354679107666 0.33661532402038574 1.7419389486312866 0.35440143942832947 1.8705928325653076 0.39760684967041016 1.8724939823150635 0.4151221513748169 1.8836617469787598 0.43487754464149475
Iteracion 42_9 1.8874716758728027 0.781816303730011 1.85962975025177 0.7893660068511963 1.845337986946106 0.8023757934570312 1.831157922744751 0.8152840733528137 1.8241287469863892 0.8313034176826477 1.819866418838501 0.8486176133155823 1.8155887126922607 0.8659914135932922 1.8236113786697388 0.8894346952438354 1.9733601808547974 0.9838809967041016
Iteracion 43_9 1.9153534173965454 1.2919222116470337 1.7529264688491821 1.2047529220581055 1.7293504476547241 1.2109040021896362 1.7154123783111572 1.2235915660858154 1.7015260457992554 1.2362312078475952 1.6926851272583008 1.2525211572647095 1.6879059076309204 1.2719284296035767 1.6830906867980957 1.2914808988571167 1.7015024423599243 1.329359531402588
Iteracion 44_7 2.323885679244995 1.848502278327942 2.1756293773651123 1.76179039478302 2.1450321674346924 1.768228530883789 2.1269283294677734 1.7847049236297607 2.110527515411377 1.8025609254837036 2.1040170192718506 1.8289940357208252 2.1025121212005615 1.8601456880569458
Iteracion 45_10 1.5954644680023193 0.6772346496582031 1.5657881498336792 0.6808241605758667 1.5537556409835815 0.691776692867279 1.5418140888214111 0.7026453018188477 1.5298981666564941 0.7134033441543579 1.5258005857467651 0.727769672870636 1.5221917629241943 0.7424225807189941 1.5185697078704834 0.7571308612823486 1.519778847694397 0.7743661999702454 1.533499836921692 0.7982895970344543
Iteracion 46_13 1.8256747722625732 -0.11166296899318695 1.8070367574691772 -0.09470289200544357 1.7917323112487793 -0.07822868973016739 1.7878401279449463 -0.06243276968598366 1.7839670181274414 -0.04671479016542435 1.7801132202148438 -0.031071970239281654 1.7863290309906006 -0.015588989481329918 1.7952674627304077 2.8533225560067876e-08 1.9351967573165894 0.016888191923499107 1.9309413433074951 0.033704742789268494 1.9267038106918335 0.050452545285224915 1.929601788520813 0.06738325208425522 1.9393718242645264 0.08467482030391693
Iteracion 47_13 1.8257076740264893 -0.11166497319936752 1.8070720434188843 -0.09470473974943161 1.7918970584869385 -0.07823587208986282 1.7880061864852905 -0.062438566237688065 1.784134030342102 -0.04671917110681534 1.7802802324295044 -0.031074879691004753 1.7866168022155762 -0.015591495670378208 1.7955578565597534 2.8904947768637612e-08 1.9353622198104858 0.01688963733613491 1.9311081171035767 0.03370765224099159 1.9268712997436523 0.0504569336771965 1.929908275604248 0.067393958568573 1.9396809339523315 0.08468831330537796
Iteracion 48_13 1.9545387029647827 -0.10243316739797592 1.9436842203140259 -0.08486304432153702 1.9417380094528198 -0.06780699640512466 1.945304036140442 -0.050939541310071945 1.8138656616210938 -0.03166111186146736 1.8041681051254272 -0.015744661912322044 1.794575810432434 3.02487030978682e-08 1.7940629720687866 0.015656542032957077 1.7974908351898193 0.03137535601854324 1.800932765007019 0.047159116715192795 1.807655692100525 0.06312480568885803 1.8248997926712036 0.07967686653137207 1.8425211906433105 0.09656263887882233
Iteracion 49_13 1.9548379182815552 -0.10244882106781006 1.9439796209335327 -0.08487594127655029 1.9418914318084717 -0.06781235337257385 1.9454562664031982 -0.05094354599714279 1.814142107963562 -0.031665951013565063 1.8044419288635254 -0.015747055411338806 1.7948460578918457 2.860770109691657e-08 1.7942126989364624 0.015657847747206688 1.7976393699645996 0.031377945095300674 1.801080346107483 0.0471629798412323 1.8076817989349365 0.06312571465969086 1.8249225616455078 0.07967786490917206 1.842530369758606 0.09656310081481934
Iteracion 50_14 2.0453648567199707 0.5099667906761169 2.0203697681427 0.522503137588501 2.010373592376709 0.5386779308319092 2.0061228275299072 0.556347131729126 2.0103721618652344 0.5764648914337158 2.0146615505218506 0.5967700481414795 2.036586284637451 0.6226471662521362 1.8800773620605469 0.5927861332893372 1.8707802295684814 0.6078534722328186 1.8616169691085815 0.6228883862495422 1.8584522008895874 0.6399163603782654 1.8627487421035767 0.6596338748931885 1.867091178894043 0.6795656085014343 1.8904653787612915 0.7068159580230713
Iteracion 51_11 1.9399350881576538 1.3085026741027832 1.9115146398544312 1.3137474060058594 1.9008539915084839 1.3309921026229858 1.891611099243164 1.3492728471755981 1.8978610038757324 1.3788766860961914 1.9319159984588623 1.4295427799224854 1.7807698249816895 1.3912897109985352 1.7608693838119507 1.4006586074829102 1.7505570650100708 1.417573094367981 1.7451337575912476 1.43857741355896 1.7519983053207397 1.470100998878479
Iteracion 52_7 2.0461597442626953 1.8102893829345703 2.0101516246795654 1.8099485635757446 1.9951657056808472 1.8282325267791748 1.9828526973724365 1.8490402698516846 1.9914203882217407 1.8897873163223267 1.892977237701416 1.8929775953292847 1.8601298332214355 1.8928817510604858
Iteracion 53_11 1.9356451034545898 1.458613395690918 1.908715844154358 1.464608907699585 1.8976082801818848 1.4825738668441772 1.8901077508926392 1.5034595727920532 1.8970102071762085 1.5361686944961548 1.8048570156097412 1.5414936542510986 1.7731776237487793 1.5413997173309326 1.7565155029296875 1.5540333986282349 1.7456742525100708 1.5718121528625488 1.745002031326294 1.5989997386932373 1.758609414100647 1.6399296522140503
Iteracion 54_12 2.098997116088867 1.2862671613693237 2.0634548664093018 1.2893894910812378 2.052286386489868 1.307450532913208 2.0421619415283203 1.326195240020752 2.0484116077423096 1.3558140993118286 2.0742475986480713 1.3990975618362427 1.9551342725753784 1.3689996004104614 1.9191157817840576 1.368891954421997 1.907128930091858 1.3856103420257568 1.8963755369186401 1.4032442569732666 1.8990799188613892 1.43105947971344 1.9088411331176758 1.4647048711776733
Iteracion 55_12 2.198216199874878 0.8881368637084961 2.1665170192718506 0.8974006175994873 2.1556265354156494 0.9150091409683228 2.150465488433838 0.9350491762161255 2.15567946434021 0.9597705602645874 2.167417049407959 0.9877490997314453 2.035365581512451 0.9708197116851807 2.01643705368042 0.9834821224212646 2.0062055587768555 1.0002570152282715 2.003262519836426 1.0207135677337646 2.0086889266967773 1.0456573963165283 2.0276904106140137 1.0781420469284058
Iteracion 56_12 2.517056941986084 0.44382503628730774 2.471041440963745 0.45798030495643616 2.4587018489837646 0.47792327404022217 2.4602596759796143 0.5005454421043396 2.465200185775757 0.5239945650100708 2.3744311332702637 0.5263990163803101 2.3254404067993164 0.5368701815605164 2.314040184020996 0.5555518865585327 2.3109846115112305 0.5761932730674744 2.3159286975860596 0.5989397764205933 2.324063539505005 0.6227309703826904 2.355924606323242 0.6533556580543518
Iteracion 57_14 1.7800464630126953 -0.07771845906972885 1.7702059745788574 -0.061816971749067307 1.767574667930603 -0.04628555104136467 1.7708135843276978 -0.030909644439816475 1.7740627527236938 -0.015481941401958466 1.6349796056747437 3.1989181081826246e-08 1.6263175010681152 0.014192651957273483 1.6178789138793945 0.02824021503329277 1.6209653615951538 0.042446501553058624 1.6240652799606323 0.05671367421746254 1.6271785497665405 0.07104416936635971 1.6328433752059937 0.08557385951280594 1.6487234830856323 0.10084022581577301 1.6649338006973267 0.11642345786094666
Iteracion 58_9 2.352337121963501 -0.8330060243606567 2.3342182636260986 -0.803735613822937 2.1944286823272705 -0.7342456579208374 2.1817753314971924 -0.7089017629623413 2.1860408782958984 -0.6892560720443726 2.1902997493743896 -0.6696419715881348 2.199451208114624 -0.6515071392059326 2.2161331176757812 -0.6354658603668213 2.2332372665405273 -0.619331419467926
Iteracion 59_9 1.5773835182189941 -1.024364709854126 1.5617743730545044 -0.9949600100517273 1.565416932106018 -0.9781809449195862 1.5690360069274902 -0.9615064859390259 1.572595477104187 -0.9449105858802795 1.5838040113449097 -0.9329315423965454 1.5958387851715088 -0.9213579297065735 1.6079347133636475 -0.9097257256507874 1.632685661315918 -0.9050126671791077
Iteracion 60_6 2.2759532928466797 -1.8103746175765991 2.2819271087646484 -1.782836675643921 2.2880849838256836 -1.7557092905044556 2.3064544200897217 -1.7380380630493164 2.324876070022583 -1.7203178405761719 2.3637592792510986 -1.7173718214035034
Iteracion 61_12 2.035609722137451 -0.17809276282787323 2.02396559715271 -0.15928952395915985 2.020009994506836 -0.14125274121761322 2.0236856937408447 -0.12377382814884186 1.8896944522857666 -0.09903482347726822 1.8793226480484009 -0.08205295354127884 1.8706470727920532 -0.06532444059848785 1.8741719722747803 -0.04907688498497009 1.8777081966400146 -0.03277549520134926 1.8812565803527832 -0.016417400911450386 1.8952882289886475 2.8449084865656005e-08 1.9126393795013428 0.016691338270902634
Iteracion 62_12 2.0358529090881348 -0.17811404168605804 2.024205207824707 -0.15930837392807007 2.0201516151428223 -0.14126263558864594 2.0238263607025146 -0.1237824410200119 1.8899199962615967 -0.09904664009809494 1.8795462846755981 -0.082062728703022 1.870786190032959 -0.06532930582761765 1.8743095397949219 -0.049080513417720795 1.877845287322998 -0.03277788683772087 1.8813929557800293 -0.01641860045492649 1.8953468799591064 2.7787892875608122e-08 1.9126969575881958 0.016691843047738075
Iteracion 63_12 1.9799939393997192 -0.20810556411743164 1.9619959592819214 -0.1889185756444931 1.9659602642059326 -0.1719992309808731 1.9699342250823975 -0.15503716468811035 1.9834105968475342 -0.1386934369802475 2.007746696472168 -0.12279895693063736 1.9395053386688232 -0.050787705928087234 1.9221224784851074 -0.03355073556303978 1.9177038669586182 -0.01673547737300396 1.9217379093170166 3.817343241507842e-08 1.9257885217666626 0.016806092113256454 1.9524270296096802 0.03407977893948555
Iteracion 64_14 1.916185736656189 -0.2013990730047226 1.8974312543869019 -0.1827017217874527 1.8895848989486694 -0.16531723737716675 1.8818150758743286 -0.1481020450592041 1.88247549533844 -0.131635382771492 1.888152837753296 -0.11548428237438202 1.8939534425735474 -0.09925800561904907 2.041921854019165 -0.08915218710899353 2.0247738361358643 -0.07070668041706085 2.016834259033203 -0.05281262844800949 2.0089612007141113 -0.035066526383161545 2.011718511581421 -0.017555929720401764 2.0180132389068604 3.2700796737117344e-08 2.0518271923065186 0.017906008288264275
Iteracion 65_14 1.9169056415557861 -0.20147472620010376 1.8977640867233276 -0.18273378908634186 1.88991379737854 -0.16534601151943207 1.8821393251419067 -0.14812760055065155 1.8825955390930176 -0.13164378702640533 1.8882704973220825 -0.11549147963523865 1.8940430879592896 -0.09926270693540573 2.0425615310668945 -0.0891801118850708 2.025084972381592 -0.07071752846240997 2.0171420574188232 -0.05282068997621536 2.0092644691467285 -0.03507181629538536 2.011815071105957 -0.01755676232278347 2.0181069374084473 2.99182261187525e-08 2.0507142543792725 0.017896300181746483
Iteracion 66_11 1.9711657762527466 0.3653339147567749 1.9492994546890259 0.3789054751396179 1.9369908571243286 0.39408519864082336 1.9297256469726562 0.41017594933509827 1.9224871397018433 0.4262053370475769 1.9220776557922363 0.44374653697013855 1.9288700819015503 0.46308067440986633 2.0608813762664795 0.5138354897499084 2.053257942199707 0.5310085415840149 2.0480358600616455 0.5487695932388306 2.055675745010376 0.5700892806053162
Iteracion 67_10 1.8751519918441772 0.6824994683265686 1.8564571142196655 0.6941006779670715 1.8380122184753418 0.7055467963218689 1.8297083377838135 0.7207411527633667 1.8226395845413208 0.7363939881324768 1.8155752420425415 0.7520357966423035 1.8180447816848755 0.7717142701148987 1.8258363008499146 0.7938963770866394 1.942768931388855 0.8649766445159912 1.9479986429214478 0.8877542018890381
Iteracion 68_8 2.009608030319214 1.2074943780899048 1.982587218284607 1.2149311304092407 1.9633722305297852 1.226851224899292 1.9482380151748657 1.2411645650863647 1.9398421049118042 1.2597479820251465 1.931423306465149 1.2783812284469604 1.9355714321136475 1.305559515953064 2.064572811126709 1.4189414978027344
Iteracion 69_11 2.324528217315674 2.6784707785054707e-08 2.297128438949585 0.020046716555953026 2.2881393432617188 0.03993966057896614 2.2792181968688965 0.05968346446752548 2.2806785106658936 0.0796431377530098 2.2877845764160156 0.09988684952259064 2.4265048503875732 0.1271679550409317 2.41731858253479 0.14784950017929077 2.408191442489624 0.16839703917503357 2.408284902572632 0.1895361840724945 2.4161064624786377 0.2113819718360901
Iteracion 70_16 1.68893301486969 -0.5487676858901978 1.6767152547836304 -0.5286662578582764 1.6683050394058228 -0.5100520253181458 1.6626200675964355 -0.4924905300140381 1.667641043663025 -0.47818824648857117 1.6726672649383545 -0.4638715982437134 1.6841269731521606 -0.45126038789749146 1.7176614999771118 -0.44421735405921936 1.8570667505264282 -0.4630187153816223 1.8128169775009155 -0.4352186918258667 1.8040533065795898 -0.41649842262268066 1.7959007024765015 -0.3981417119503021 1.79098641872406 -0.3806859850883484 1.7964292764663696 -0.36548754572868347 1.8018852472305298 -0.3502510190010071 1.823045015335083 -0.33788129687309265
Iteracion 71_10 2.044623613357544 -1.327793836593628 2.028611421585083 -1.2923680543899536 2.0329816341400146 -1.2703474760055542 2.0400679111480713 -1.2501548528671265 2.0650603771209717 -1.2408134937286377 2.1649091243743896 -1.200028896331787 2.156850814819336 -1.1710745096206665 2.164144992828369 -1.1506959199905396 2.1767501831054688 -1.133144497871399 2.2104640007019043 -1.126287817955017
Iteracion 72_11 1.5610905885696411 -1.5610904693603516 1.5681378841400146 -1.5410045385360718 1.5819377899169922 -1.5276596546173096 1.6047617197036743 -1.5228618383407593 1.6580560207366943 -1.5461622476577759 1.707200527191162 -1.5104032754898071 1.688117265701294 -1.467457890510559 1.6912356615066528 -1.4444515705108643 1.6982094049453735 -1.4249670505523682 1.7166517972946167 -1.4150985479354858 1.741307258605957 -1.4100828170776367
Iteracion 73_8 2.2700700759887695 -2.1542155742645264 2.2799386978149414 -2.126077175140381 2.3043761253356934 -2.1115713119506836 2.366441011428833 -2.1307525634765625 2.3966264724731445 -2.04691219329834 2.406515121459961 -2.01930570602417 2.4280025959014893 -2.001490831375122 2.4956414699554443 -2.020930528640747
Iteracion 74_9 2.161965847015381 -1.689112663269043 2.167778968811035 -1.6633952856063843 2.178839683532715 -1.6418734788894653 2.2099995613098145 -1.6353139877319336 2.306288003921509 -1.6148799657821655 2.288489818572998 -1.5728353261947632 2.2969107627868652 -1.5492857694625854 2.3113086223602295 -1.529821753501892 2.345116376876831 -1.522936224937439
