Iteracion 0_12 2.350304365158081 -0.5859966278076172 2.331516742706299 -0.559747576713562 2.3206288814544678 -0.5357591509819031 2.3227477073669434 -0.5149409770965576 2.329646587371826 -0.49518170952796936 2.3621904850006104 -0.4805929660797119 2.493450403213501 -0.48467761278152466 2.462615489959717 -0.45641854405403137 2.451866865158081 -0.4323301315307617 2.4484217166900635 -0.4097251296043396 2.4558165073394775 -0.3889630436897278 2.482612133026123 -0.3710287809371948
Iteracion 1_10 2.7648403644561768 -0.5374305248260498 2.7327589988708496 -0.506486713886261 2.7206125259399414 -0.4797173738479614 2.722175121307373 -0.45553576946258545 2.730243682861328 -0.43242794275283813 2.9043595790863037 -0.43405938148498535 2.863461971282959 -0.4024331867694855 2.8513972759246826 -0.37539368867874146 2.8480515480041504 -0.3496968746185303 2.856680393218994 -0.3254775404930115
Iteracion 2_8 2.5731961727142334 -1.426345944404602 2.563434600830078 -1.391831398010254 2.571920871734619 -1.3675142526626587 2.5973825454711914 -1.352111577987671 2.7019639015197754 -1.3178355693817139 2.6902174949645996 -1.283168077468872 2.6989827156066895 -1.2585562467575073 2.7237846851348877 -1.241300344467163
Iteracion 3_6 3.356468915939331 -2.2639665603637695 3.3644793033599854 -2.226900100708008 3.400782585144043 -2.20849347114563 3.4994237422943115 -2.1866822242736816 3.485243082046509 -2.1357598304748535 3.5003321170806885 -2.1032114028930664
Iteracion 4_6 3.4470860958099365 -2.8924484252929688 3.4536683559417725 -2.84698486328125 3.4950637817382812 -2.830246686935425 3.5829198360443115 -2.7992842197418213 3.5781033039093018 -2.745575189590454 3.611562967300415 -2.721508264541626
Iteracion 5_1 3.158025026321411 -3.158025026321411
Iteracion 6_4 4.519257068634033 -2.8790841102600098 4.541571140289307 -2.837888717651367 4.658735752105713 -2.799251079559326 4.655984401702881 -2.742583990097046
Iteracion 7_6 3.3334157466888428 -2.3340823650360107 3.3438754081726074 -2.298182249069214 3.382465362548828 -2.281501054763794 3.476891279220581 -2.2579197883605957 3.4645392894744873 -2.207155227661133 3.482459306716919 -2.176081895828247
Iteracion 8_5 4.5805983543396 -2.039414167404175 4.58836030960083 -1.9950758218765259 4.720659255981445 -1.9553606510162354 4.709558963775635 -1.902784824371338 4.7472076416015625 -1.8699746131896973
Iteracion 9_7 3.6904733180999756 -1.7208958864212036 3.6695613861083984 -1.6723157167434692 3.6811718940734863 -1.6389634609222412 3.859729051589966 -1.6383576393127441 3.8024814128875732 -1.5750389099121094 3.805544853210449 -1.5375396013259888 3.8423078060150146 -1.5135247707366943
Iteracion 10_8 3.6329710483551025 -1.2509320974349976 3.6135096549987793 -1.2090635299682617 3.6177334785461426 -1.1754730939865112 3.651670455932617 -1.1513671875 3.791948080062866 -1.1593149900436401 3.746631145477295 -1.1098026037216187 3.742351531982422 -1.0731021165847778 3.7628915309906006 -1.0435421466827393
Iteracion 11_7 4.665660858154297 -0.7807637453079224 4.611428260803223 -0.7303783297538757 4.6041741371154785 -0.6880982518196106 4.647819519042969 -0.6532081961631775 4.741467475891113 -0.6242262721061707 4.7305192947387695 -0.5808349847793579 4.768768787384033 -0.5433323383331299
Iteracion 12_6 3.8564932346343994 -1.4803688526153564 3.842672109603882 -1.436715841293335 3.85443377494812 -1.402898907661438 3.985499858856201 -1.3723174333572388 3.969365119934082 -1.3281311988830566 3.981588840484619 -1.2936967611312866
Iteracion 13_8 3.61422061920166 -0.8344084620475769 3.585394859313965 -0.7948632836341858 3.580646276473999 -0.7610900402069092 3.5937821865081787 -0.7311630249023438 3.7512552738189697 -0.7291702032089233 3.7152693271636963 -0.6885842680931091 3.706941604614258 -0.653633713722229 3.7180967330932617 -0.6221958994865417
Iteracion 14_10 2.9978883266448975 -0.8032817244529724 2.963710069656372 -0.766467273235321 2.951186180114746 -0.7358134388923645 2.959942102432251 -0.7106190323829651 2.9889767169952393 -0.6900594830513 3.126943588256836 -0.6932270526885986 3.092111825942993 -0.6572487354278564 3.0782392024993896 -0.6262747645378113 3.087355375289917 -0.6001211404800415 3.1196372509002686 -0.5781904458999634
Iteracion 15_8 3.3260343074798584 -0.11614774167537689 3.3003344535827637 -0.08642229437828064 3.2871057987213135 -0.057376615703105927 3.295103073120117 -0.028755830600857735 3.445528984069824 2.881337834992337e-08 3.425579309463501 0.029894530773162842 3.414670467376709 0.059603337198495865 3.425342321395874 0.08969578891992569
Iteracion 16_7 3.9867303371429443 0.6314359307289124 3.9421849250793457 0.6596954464912415 3.92724871635437 0.6924798488616943 3.9258697032928467 0.7276167869567871 4.061357498168945 0.7894479036331177 4.048116683959961 0.8235986232757568 4.062244892120361 0.8634570240974426
Iteracion 17_8 3.0947139263153076 0.0810379758477211 3.0723514556884766 0.10728897899389267 3.0603511333465576 0.1336178481578827 3.0640227794647217 0.1605789065361023 3.1025171279907227 0.18975801765918732 3.197549819946289 0.22359435260295868 3.1854028701782227 0.25069668889045715 3.194324254989624 0.27946722507476807
Iteracion 18_6 3.919618844985962 1.5046007633209229 3.8806304931640625 1.528620958328247 3.861386775970459 1.56010103225708 3.8552749156951904 1.5969069004058838 3.9807827472686768 1.6897422075271606 3.9927749633789062 1.7361081838607788
Iteracion 19_6 3.3039820194244385 0.8852993249893188 3.2811362743377686 0.9099395275115967 3.2686712741851807 0.937276303768158 3.2728307247161865 0.9694567918777466 3.400338649749756 1.0395880937576294 3.3970212936401367 1.0710766315460205
Iteracion 20_6 3.0371389389038086 1.7890111207962036 2.992624282836914 1.7981499433517456 2.9658331871032715 1.8174649477005005 2.953129529953003 1.8453197479248047 2.949629068374634 1.879120945930481 3.080786943435669 2.000685930252075
Iteracion 21_6 3.92291522026062 0.6564708352088928 3.905025005340576 0.688561201095581 3.89961576461792 0.7227509021759033 4.039250373840332 0.7851508259773254 4.0241899490356445 0.8187306523323059 4.035606384277344 0.8577948212623596
Iteracion 22_6 3.2345376014709473 1.7929338216781616 3.1896603107452393 1.8046231269836426 3.163891315460205 1.8266736268997192 3.1505892276763916 1.855838656425476 3.153728485107422 1.8949514627456665 3.2834010124206543 2.012070655822754
Iteracion 23_5 2.5899291038513184 2.4577505588531494 2.5418756008148193 2.4546611309051514 2.514819860458374 2.471306562423706 2.495415210723877 2.495415210723877 2.4817240238189697 2.5254201889038086
Iteracion 24_4 3.7424468994140625 2.16070294380188 3.708172082901001 2.1842801570892334 3.692481517791748 2.2186667919158936 3.698683261871338 2.2665562629699707
Iteracion 25_6 3.7511212825775146 0.6277223229408264 3.7324345111846924 0.6581287980079651 3.7238693237304688 0.6901782751083374 3.8678903579711914 0.7518419027328491 3.853455066680908 0.7839941382408142 3.8578977584838867 0.8200216889381409
Iteracion 26_6 3.7838504314422607 0.5993030071258545 3.760300874710083 0.6292585134506226 3.7477240562438965 0.660824716091156 3.7602272033691406 0.6969168186187744 3.881566286087036 0.7545002102851868 3.8813483715057373 0.7896692752838135
Iteracion 27_8 3.843552350997925 0.5744227170944214 3.791612386703491 0.6005324125289917 3.7713513374328613 0.6311076879501343 3.7708241939544678 0.6648979783058167 3.9127111434936523 0.725178062915802 3.869988203048706 0.752249538898468 3.8530142307281494 0.7839045524597168 3.863318681716919 0.8211740851402283
Iteracion 28_6 3.8468658924102783 0.5749179124832153 3.8043038845062256 0.6025424003601074 3.792078733444214 0.6345762610435486 3.85714054107666 0.7497522830963135 3.827078342437744 0.7786278128623962 3.8256070613861084 0.8131579756736755
Iteracion 29_5 4.644690990447998 1.509151577949524 4.623833656311035 1.547113299369812 4.697854042053223 1.6635972261428833 4.6573486328125 1.695136308670044 4.663415908813477 1.743579626083374
Iteracion 30_8 3.2026004791259766 1.8119444847106934 3.139099359512329 1.8123599290847778 3.10461688041687 1.828758716583252 3.0931286811828613 1.8585394620895386 3.2294275760650635 1.9789959192276 3.1666665077209473 1.9787524938583374 3.1321780681610107 1.995417833328247 3.1192963123321533 2.0256946086883545
Iteracion 31_6 3.880048990249634 1.450690746307373 3.837021827697754 1.4728946685791016 3.824221134185791 1.506400465965271 3.905987024307251 1.6179125308990479 3.8631303310394287 1.6398016214370728 3.8502581119537354 1.6741400957107544
Iteracion 32_8 3.49894642829895 0.8400225043296814 3.4542834758758545 0.8612496256828308 3.4413957595825195 0.890005350112915 3.451850652694702 0.9249206781387329 3.5202066898345947 1.009402871131897 3.4776744842529297 1.0301343202590942 3.466536521911621 1.0598268508911133 3.4823827743530273 1.0979909896850586
Iteracion 33_7 3.923828125 0.5165820121765137 3.9004476070404053 0.5481719970703125 3.908653974533081 0.5841521620750427 3.9852302074432373 0.6668987274169922 3.934674024581909 0.6937890648841858 3.922236919403076 0.7269434928894043 3.9469923973083496 0.7672176361083984
Iteracion 34_6 3.615730047225952 0.22114746272563934 3.6039223670959473 0.25201064348220825 3.6215293407440186 0.2850205898284912 3.645786762237549 0.3831874132156372 3.6320953369140625 0.4138249158859253 3.64361310005188 0.4473796784877777
Iteracion 35_8 3.253952980041504 0.22753843665122986 3.2339630126953125 0.2545184791088104 3.231937885284424 0.282757967710495 3.30251407623291 0.3179957866668701 3.3154056072235107 0.3777427077293396 3.267676830291748 0.40122050046920776 3.2573108673095703 0.42883336544036865 3.264657735824585 0.45881760120391846
Iteracion 36_7 3.6622166633605957 -0.38491424918174744 3.6448185443878174 -0.35095587372779846 3.6565918922424316 -0.31991031765937805 3.707411050796509 -0.22675485908985138 3.6742477416992188 -0.19255945086479187 3.676286220550537 -0.1605101078748703 3.740898847579956 -0.13063514232635498
Iteracion 37_8 2.943072557449341 -1.0133808851242065 2.931960344314575 -0.9810202121734619 2.949568748474121 -0.9583730101585388 2.9882543087005615 -0.9421930313110352 2.97116756439209 -0.8519682884216309 2.959437608718872 -0.8207245469093323 2.97152042388916 -0.7962164282798767 3.0029029846191406 -0.7766032814979553
Iteracion 38_6 4.033567428588867 -1.9673022031784058 4.048855781555176 -1.9312055110931396 4.103985786437988 -1.9137203693389893 4.063039302825928 -1.8089821338653564 4.070162296295166 -1.76975679397583 4.118365287780762 -1.748142123222351
Iteracion 39_8 3.128145217895508 -2.6248257160186768 3.1346280574798584 -2.5839877128601074 3.1670098304748535 -2.5645945072174072 3.239481210708618 -2.5767996311187744 3.1576812267303467 -2.467050790786743 3.156388521194458 -2.4219820499420166 3.183183193206787 -2.3987009525299072 3.2402870655059814 -2.397686243057251
Iteracion 40_4 3.0655770301818848 -3.065577268600464 3.0371170043945312 -2.9329099655151367 3.0600099563598633 -2.9038400650024414 3.1059234142303467 -2.896320104598999
Iteracion 41_6 3.483917474746704 -1.9311671257019043 3.495570421218872 -1.8979400396347046 3.534424304962158 -1.879286527633667 3.5072739124298096 -1.7486618757247925 3.528921127319336 -1.7211697101593018 3.582615375518799 -1.7088199853897095
Iteracion 42_6 3.4843626022338867 -1.931414008140564 3.4956486225128174 -1.8979823589324951 3.5341813564300537 -1.879157543182373 3.5073463916778564 -1.7486982345581055 3.5289926528930664 -1.7212046384811401 3.5823440551757812 -1.7086905241012573
Iteracion 43_6 3.4406707286834717 -1.9071948528289795 3.4439170360565186 -1.8698945045471191 3.4743921756744385 -1.8473670482635498 3.5812039375305176 -1.8247147798538208 3.5646960735321045 -1.7772917747497559 3.576317548751831 -1.7442866563796997
Iteracion 44_6 3.439455509185791 -1.9065215587615967 3.4391279220581055 -1.867294192314148 3.463350772857666 -1.841496229171753 3.582679510116577 -1.8254666328430176 3.5700037479400635 -1.779937982559204 3.5843870639801025 -1.7482223510742188
Iteracion 45_5 4.567789554595947 -2.799145221710205 4.560459136962891 -2.7402002811431885 4.604001998901367 -2.7119638919830322 4.690896987915039 -2.653982162475586 4.717016220092773 -2.614684820175171
Iteracion 46_2 3.462285041809082 -3.402377128601074 3.488757610321045 -3.369053602218628
Iteracion 47_6 3.6652088165283203 -2.7619333267211914 3.661539077758789 -2.7093968391418457 3.6944284439086914 -2.684159517288208 3.801785469055176 -2.6620383262634277 3.7977898120880127 -2.6101489067077637 3.8309900760650635 -2.5840349197387695
Iteracion 48_5 4.093669414520264 -2.1310298442840576 4.1009721755981445 -2.089550256729126 4.245614528656006 -2.0707244873046875 4.2258405685424805 -2.015622854232788 4.242702007293701 -1.9784044027328491
Iteracion 49_7 4.029296875 -1.506492257118225 4.001860618591309 -1.4565582275390625 4.008477210998535 -1.41947603225708 4.058984279632568 -1.3976203203201294 4.149763584136963 -1.3884917497634888 4.134326934814453 -1.343324065208435 4.150095462799072 -1.308519959449768
Iteracion 50_6 4.801523685455322 -0.6321328282356262 4.780895709991455 -0.5870204567909241 4.789581775665283 -0.5457038283348083 4.9285807609558105 -0.5180142521858215 4.913893222808838 -0.47315385937690735 4.940716743469238 -0.43225666880607605
Iteracion 51_7 3.7496578693389893 -0.7288597822189331 3.7354133129119873 -0.6923177242279053 3.7364814281463623 -0.6588422060012817 3.7707316875457764 -0.6310039758682251 3.8798303604125977 -0.6145046353340149 3.867030382156372 -0.5779314041137695 3.8792097568511963 -0.5451871752738953
Iteracion 52_5 4.647589206695557 0.5706525444984436 4.611286640167236 0.6070877313613892 4.597346305847168 0.646114706993103 4.7470703125 0.7094542980194092 4.735090732574463 0.7499646544456482
Iteracion 53_7 3.5772173404693604 0.12491930276155472 3.5479824542999268 0.15490828454494476 3.5370960235595703 0.18537168204784393 3.5424246788024902 0.2166638970375061 3.683481454849243 0.2575739920139313 3.672464370727539 0.2890293002128601 3.6813974380493164 0.3220806419849396
Iteracion 54_5 4.156498432159424 1.8505926132202148 4.118170738220215 1.8767586946487427 4.099092960357666 1.9114387035369873 4.098700523376465 1.9549801349639893 4.241427421569824 2.0686824321746826
Iteracion 55_7 2.7469468116760254 0.9191157817840576 2.7222704887390137 0.93735271692276 2.704021692276001 0.9575442671775818 2.6955909729003906 0.9811150431632996 2.6907918453216553 1.0060458183288574 2.7051920890808105 1.0384259223937988 2.8312690258026123 1.1152664422988892
Iteracion 56_6 4.011349678039551 1.2263927459716797 3.9407906532287598 1.2425265312194824 3.9181318283081055 1.273078441619873 3.9060654640197754 1.3069514036178589 4.047442436218262 1.3936458826065063 4.055620193481445 1.436170220375061
Iteracion 57_5 3.3405873775482178 2.0072271823883057 3.30120849609375 2.0229833126068115 3.276993751525879 2.0476925373077393 3.265345811843872 2.0802550315856934 3.2784509658813477 2.1290507316589355
Iteracion 58_4 3.162950038909912 2.256110429763794 3.134350299835205 2.2772390842437744 3.116518020629883 2.3061022758483887 3.107205867767334 2.341447353363037
Iteracion 59_5 3.247124433517456 2.2316863536834717 3.2013773918151855 2.241628408432007 3.173799514770508 2.2638487815856934 3.1618549823760986 2.297222137451172 3.1700656414031982 2.3457252979278564
Iteracion 60_6 3.3066446781158447 2.2303597927093506 3.282224655151367 2.255810499191284 3.284851551055908 2.3000776767730713 3.16007661819458 2.3383336067199707 3.146488666534424 2.371049642562866 3.160537004470825 2.4251651763916016
Iteracion 61_6 3.306980609893799 2.2305867671966553 3.2822723388671875 2.255843162536621 3.284609079360962 2.299907684326172 3.1603715419769287 2.338552236557007 3.14652419090271 2.3710761070251465 3.1602835655212402 2.4249706268310547
Iteracion 62_6 4.30545711517334 1.78337824344635 4.288672924041748 1.8204338550567627 4.3051862716674805 1.8719483613967896 4.167609214782715 1.8992893695831299 4.157674312591553 1.9387556314468384 4.2138495445251465 2.0099034309387207
Iteracion 63_7 4.235666751861572 0.90031898021698 4.191449165344238 0.9292224049568176 4.191933631896973 0.9677839279174805 4.226632118225098 1.0147244930267334 4.0679612159729 1.0142568349838257 4.053992748260498 1.048433780670166 4.066201686859131 1.0895355939865112
Iteracion 64_6 4.692198753356934 0.24590814113616943 4.676260948181152 0.28601229190826416 4.693120002746582 0.32817474007606506 4.55747127532959 0.3586808443069458 4.546677112579346 0.3977828323841095 4.562994956970215 0.4393662214279175
Iteracion 65_7 3.653409242630005 -0.4162532687187195 3.646212577819824 -0.3832320272922516 3.658583164215088 -0.35228127241134644 3.5204989910125732 -0.3080037832260132 3.5147042274475098 -0.2766132354736328 3.526482105255127 -0.24659544229507446 3.5547664165496826 -0.21741870045661926
Iteracion 66_5 4.496236801147461 -1.3746377229690552 4.375209808349609 -1.2959964275360107 4.36633825302124 -1.2520272731781006 4.38088846206665 -1.2149280309677124 4.420932292938232 -1.1845850944519043
Iteracion 67_6 3.1952829360961914 -1.356317162513733 3.0722177028656006 -1.2725540399551392 3.0647084712982178 -1.2382222414016724 3.0752346515655518 -1.211366891860962 3.092478036880493 -1.1870911121368408 3.1213881969451904 -1.167039155960083
Iteracion 68_5 3.729445457458496 -1.7390689849853516 3.600367307662964 -1.6407822370529175 3.6072752475738525 -1.606062650680542 3.6240460872650146 -1.5757802724838257 3.6575522422790527 -1.5525387525558472
Iteracion 69_4 4.403886795043945 -2.341588020324707 4.2655348777771 -2.2204973697662354 4.276778221130371 -2.1791274547576904 4.305740833282471 -2.1467626094818115
Iteracion 70_5 3.0215237140655518 -1.9622002840042114 3.00761342048645 -1.9160610437393188 3.019160032272339 -1.8865801095962524 3.037998676300049 -1.8616880178451538 3.066012144088745 -1.8422460556030273
Iteracion 71_5 4.871532917022705 -1.1246817111968994 4.874340057373047 -1.080615520477295 4.7342000007629395 -1.0062854290008545 4.745785236358643 -0.9655407071113586 4.780501365661621 -0.9292353987693787
Iteracion 72_6 4.145304203033447 -0.07235655188560486 4.1415228843688965 -0.03614240512251854 4.155932903289795 3.082594446368603e-08 4.012556076049805 0.035016998648643494 4.009662628173828 0.06998896598815918 4.023505687713623 0.10535924136638641
Iteracion 73_8 3.3190855979919434 1.0465039014816284 3.3077168464660645 1.0747424364089966 3.3187317848205566 1.1104322671890259 3.370539903640747 1.1605697870254517 3.215276002883911 1.1385889053344727 3.1843607425689697 1.1590124368667603 3.17537522315979 1.18722403049469 3.1899681091308594 1.224514126777649
Iteracion 74_5 4.3120903968811035 2.390230894088745 4.295879364013672 2.4304916858673096 4.223804950714111 2.488010883331299 4.174947738647461 2.508561849594116 4.171195030212402 2.5561113357543945
